in_trifid	intron_coords	condition	deltapsi	p.adjust	gene	cluster_id	annotation	mean_trifid_score	mean_norm_score	median_norm_score	transcripts	transcript_names	sig
in_trifid	chrX:72330076:72351733:-	white	-0.493203676313448	1.86472195470581e-81	HDAC8	clu_291_-	gencode	0.0592545454545455	0.07775	0	ENST00000373573,ENST00000647980,ENST00000373583,ENST00000373589,ENST00000650604,ENST00000648939,ENST00000650076,ENST00000648276,ENST00000648276,ENST00000648459,ENST00000648459,ENST00000648731,ENST00000648731,ENST00000648731,ENST00000648850,ENST00000648850,ENST00000649181,ENST00000649181,ENST00000649181,ENST00000650471,ENST00000650471,ENST00000650471	HDAC8-207,HDAC8-227,HDAC8-208,HDAC8-209,HDAC8-259,HDAC8-245,HDAC8-255,HDAC8-232,HDAC8-232,HDAC8-236,HDAC8-236,HDAC8-240,HDAC8-240,HDAC8-240,HDAC8-242,HDAC8-242,HDAC8-249,HDAC8-249,HDAC8-249,HDAC8-257,HDAC8-257,HDAC8-257	sig_white
in_trifid	chr18:5489194:5543913:-	white	-0.483137725939243	4.26871566014793e-13	EPB41L3	clu_21093_-	gencode	0.36845	0.552975	0.59495	ENST00000341928,ENST00000540638,ENST00000342933,ENST00000400111	EPB41L3-201,EPB41L3-204,EPB41L3-202,EPB41L3-203	sig_white
in_trifid	chr1:201718755:201780421:+	white	-0.445541859456766	5.72557233347551e-43	NAV1	clu_14762_+	gencode	0.29275	0.5855	0.5855	ENST00000367296,ENST00000367302	NAV1-202,NAV1-203	sig_white
in_trifid	chrX:72302934:72307025:-	beige	0.420991550058096	1.86472195470581e-81	CITED1	clu_291_-	gencode	0.3949	0.7897	0.7897	ENST00000373619	CITED1-202	sig_beige
in_trifid	chr17:17577027:17591531:-	white	-0.409602238813953	3.18459597184453e-102	PEMT	clu_19605_-	gencode	0.14385	0.179	0.04725	ENST00000255389,ENST00000395781,ENST00000461404,ENST00000580147	PEMT-201,PEMT-202,PEMT-207,PEMT-212	sig_white
in_trifid	chr18:5489161:5630377:-	beige	0.406908270033182	4.26871566014793e-13	EPB41L3	clu_21093_-	gencode	0.0229	0.0344	0.0344	ENST00000637651	EPB41L3-236	sig_beige
in_trifid	chr17:50864163:50867494:-	beige	0.401844142673335	1.48849606519829e-14	TOB1	clu_20113_-	gencode	0.7022	0.9784	0.9784	ENST00000268957	TOB1-201	sig_beige
in_trifid	chr17:50864163:50866058:-	white	-0.401111989668959	1.48849606519829e-14	TOB1	clu_20113_-	gencode	0.7177	1	1	ENST00000499247	TOB1-202	sig_white
in_trifid	chr11:111844723:111853380:-	white	-0.387948797382457	2.7802386172716e-62	ALG9,AP001781.2	clu_2011_-	gencode	0.1423	0.223630769230769	0	ENST00000614444,ENST00000398006,ENST00000616540,ENST00000622211,ENST00000531154,ENST00000613181,ENST00000613181,ENST00000613181,ENST00000613181,ENST00000619129,ENST00000619129,ENST00000619129,ENST00000619129	ALG9-214,ALG9-201,ALG9-215,AP001781.2-201,ALG9-210,ALG9-213,ALG9-213,ALG9-213,ALG9-213,ALG9-217,ALG9-217,ALG9-217,ALG9-217	sig_white
in_trifid	chrX:136197134:136206407:+	white	-0.38727299375318	6.47407481278028e-56	FHL1	clu_15610_+	gencode	0.4493	0.54645	0.54645	ENST00000370683,ENST00000370676	FHL1-203,FHL1-202	sig_white
in_trifid	chr17:28728860:28733983:+	white	-0.385148128737057	5.89745190886702e-40	NEK8	clu_34526_+	gencode	0.32255	0.5066	0.5066	ENST00000268766,ENST00000543014	NEK8-201,NEK8-202	sig_white
in_trifid	chrX:136747592:136779414:-	beige	0.372092248786076	6.45552928569368e-26	ARHGEF6	clu_471_-	gencode	0.9215	1	1	ENST00000250617	ARHGEF6-201	sig_beige
in_trifid	chrX:136204939:136206407:+	beige	0.363208011179429	6.47407481278028e-56	FHL1	clu_15610_+	gencode	0.0028	0.0034	0.0034	ENST00000370674	FHL1-201	sig_beige
in_trifid	chr2:152335720:152521943:+	white	-0.358363253642802	1.9672473867296e-14	FMNL2	clu_31811_+	gencode	0.9729	1	1	ENST00000288670	FMNL2-201	sig_white
in_trifid	chr17:28725972:28733983:+	beige	0.3457102035588	5.89745190886702e-40	NEK8	clu_34526_+	gencode	5e-04	8e-04	8e-04	ENST00000579671	NEK8-204	sig_beige
in_trifid	chrX:136747592:136767144:-	white	-0.339599194237189	6.45552928569368e-26	ARHGEF6	clu_471_-	gencode	0.5312	0.5764	0.5764	ENST00000370620	ARHGEF6-202	sig_white
in_trifid	chr12:59655250:59704772:+	white	-0.335367920563979	3.11561049757615e-23	SLC16A7	clu_10973_+	gencode	0.2681	0.50435	0.50435	ENST00000547379,ENST00000549465	SLC16A7-203,SLC16A7-209	sig_white
in_trifid	chr6:79631506:79673614:+	beige	0.333763317281444	9.7114698913785e-09	SH3BGRL2	clu_23618_+	gencode	0.9962	1	1	ENST00000369838	SH3BGRL2-201	sig_beige
in_trifid	chr12:29149407:29270412:+	white	-0.328402549917017	2.28389496172442e-63	FAR2	clu_10672_+	gencode	0.986	1	1	ENST00000536681	FAR2-202	sig_white
in_trifid	chr12:59664943:59704772:+	beige	0.3284021604708	3.11561049757615e-23	SLC16A7	clu_10973_+	gencode	0.0481	0.0905	0.0905	ENST00000548610	SLC16A7-206	sig_beige
in_trifid	chr3:52290719:52290960:+	beige	0.327331605943996	2.41730897975727e-29	GLYCTK	clu_18569_+	gencode	0.31096	0.35766	0.3552	ENST00000436784,ENST00000477382,ENST00000305690,ENST00000473032,ENST00000486393	GLYCTK-202,GLYCTK-207,GLYCTK-201,GLYCTK-205,GLYCTK-208	sig_beige
in_trifid	chrX:100585362:100593895:+	white	-0.327313458292803	9.59641194243569e-10	TNMD	clu_15429_+	gencode	0.9488	1	1	ENST00000373031	TNMD-201	sig_white
in_trifid	chr6:106539529:106541586:+	white	-0.322900806327303	6.53890111693097e-20	CRYBG1	clu_23678_+	gencode	0.4159	0.8318	0.8318	ENST00000633556	CRYBG1-204	sig_white
in_trifid	chr2:54987698:55010087:-	beige	0.321264881434541	7.76187493311223e-66	RTN4	clu_11888_-	gencode	0.8284	1	1	ENST00000394609	RTN4-205	sig_beige
in_trifid	chr2:48569086:48580587:+	beige	0.319150172475892	3.2520741042254e-40	STON1-GTF2A1L	clu_31216_+	gencode	0.6787	1	1	ENST00000394754	STON1-GTF2A1L-202	sig_beige
in_trifid	chr16:48362430:48365387:-	beige	0.315482384941057	2.85239619914529e-20	SIAH1	clu_24510_-	gencode	0.7559	0.8956	0.8956	ENST00000356721	SIAH1-201	sig_beige
in_trifid	chr6:106541295:106541586:+	beige	0.313179138352616	6.53890111693097e-20	CRYBG1	clu_23678_+	gencode	0.0029	0.0058	0.0058	ENST00000457437	CRYBG1-202	sig_beige
in_trifid	chr16:10547677:10580549:-	white	-0.310913810617178	1.7037906282103e-11	EMP2	clu_24198_-	gencode	0.9276	1	1	ENST00000359543	EMP2-202	sig_white
in_trifid	chr16:10547677:10558994:-	beige	0.304501307655356	1.7037906282103e-11	EMP2	clu_24198_-	gencode	0.8955	0.9653	0.9653	ENST00000536829	EMP2-203	sig_beige
in_trifid	chr13:110714285:110719229:+	white	-0.29989881064397	1.28520767774429e-06	ING1	clu_8435_+	gencode	0.88	1	1	ENST00000333219	ING1-201	sig_white
in_trifid	chr1:184507682:184590739:+	white	-0.293827476441278	6.39050348633951e-14	C1orf21	clu_14703_+	gencode	0.48325	0.50015	0.50015	ENST00000235307,ENST00000648109	C1orf21-201,C1orf21-205	sig_white
in_trifid	chr4:150491035:150588048:-	beige	0.288813598351213	3.14489103374872e-22	LRBA	clu_36935_-	gencode	0.233471428571429	0.466914285714286	0.3198	ENST00000651943,ENST00000510413,ENST00000357115,ENST00000509835,ENST00000651695,ENST00000507224,ENST00000651035	LRBA-220,LRBA-209,LRBA-201,LRBA-207,LRBA-219,LRBA-204,LRBA-218	sig_beige
in_trifid	chr5:142614161:142621297:-	white	-0.285476910025171	1.03082643578683e-45	FGF1	clu_6192_-	gencode	0.9937	1	1	ENST00000359370	FGF1-202	sig_white
in_trifid	chr13:110716008:110719229:+	beige	0.283393736932701	1.28520767774429e-06	ING1	clu_8435_+	gencode	0.2254	0.2561	0.2561	ENST00000375774	ING1-203	sig_beige
in_trifid	chr10:29569312:29657969:-	beige	0.282523526539572	8.17872478822574e-25	SVIL	clu_37538_-	gencode	0.7219	0.9325	0.9325	ENST00000375400	SVIL-203	sig_beige
in_trifid	chr1:245155487:245156282:+	white	-0.281739135614587	6.63298382848638e-14	KIF26B	clu_15074_+	gencode	0.7679	1	1	ENST00000407071	KIF26B-202	sig_white
in_trifid	chr2:62698949:62706897:+	beige	0.281440015409069	1.6755015930419e-36	EHBP1	clu_31283_+	refseq	0.7374	0.7483	0.7483	XM_047443745,XM_047443748	NA,NA	sig_beige
in_trifid	chr3:52287876:52290960:+	white	-0.280461813493214	2.41730897975727e-29	GLYCTK	clu_18569_+	gencode	9e-04	0.0011	0.0011	ENST00000471180	GLYCTK-204	sig_white
in_trifid	chr12:132711067:132714858:+	white	-0.278420853956561	4.19432542591768e-10	PGAM5	clu_11517_+	gencode	0.55995	0.62635	0.62635	ENST00000498926,ENST00000317555	PGAM5-203,PGAM5-201	sig_white
in_trifid	chr10:51467836:51804585:+	white	-0.277121913048486	6.40077305502707e-20	PRKG1	clu_29623_+	gencode	0.306333333333333	0.33495	0.0055	ENST00000373980,ENST00000401604,ENST00000645324,ENST00000643582,ENST00000373976,ENST00000643704	PRKG1-203,PRKG1-204,PRKG1-207,PRKG1-205,PRKG1-202,PRKG1-206	sig_white
in_trifid	chr3:157428488:157460181:-	beige	0.276075193133707	3.31001069162455e-19	VEPH1	clu_4326_-	gencode	0.3957	0.546025	0.59175	ENST00000362010,ENST00000392832,ENST00000392833,ENST00000479987	VEPH1-201,VEPH1-202,VEPH1-203,VEPH1-210	sig_beige
in_trifid	chr3:38020352:38024337:-	beige	0.270825023346939	1.54304999459623e-13	PLCD1	clu_3447_-	gencode	0.6317	0.656	0.656	ENST00000463876	PLCD1-204	sig_beige
in_trifid	chr17:29568830:29569018:+	white	-0.270700817196551	2.47916987674473e-09	TP53I13	clu_34539_+	gencode	0.4443	0.8886	0.8886	ENST00000301057	TP53I13-201	sig_white
in_trifid	chr6:75908627:75914063:+	white	-0.270414251146917	4.46379034989586e-18	MYO6	clu_23614_+	gencode	0.437566666666667	0.463233333333333	0.4853	ENST00000369975,ENST00000672093,ENST00000671923	MYO6-201,MYO6-218,MYO6-217	sig_white
in_trifid	chr10:29686651:29735755:-	white	-0.270183598623523	1.05789639880882e-24	SVIL	clu_37540_-	refseq	0.3588	0.3943	0.3943	NM_001323600	NA	sig_white
in_trifid	chr7:1055483:1057492:+	beige	0.270097587081616	1.40190675122259e-08	GPR146	clu_40240_+	gencode	0.7437	1	1	ENST00000397095	GPR146-201	sig_beige
in_trifid	chr3:38020352:38029506:-	white	-0.268013108703927	1.54304999459623e-13	PLCD1	clu_3447_-	gencode	0.9629	1	1	ENST00000334661	PLCD1-201	sig_white
in_trifid	chr4:150906405:150908334:-	white	-0.264572364956075	1.22900464310824e-10	LRBA	clu_36940_-	gencode	0.26376	0.52748	0.68	ENST00000651943,ENST00000510413,ENST00000357115,ENST00000507224,ENST00000651035	LRBA-220,LRBA-209,LRBA-201,LRBA-204,LRBA-218	sig_white
in_trifid	chr16:48362430:48385204:-	white	-0.263605727446877	2.85239619914529e-20	SIAH1	clu_24510_-	gencode	0.8439	1	1	ENST00000394725	SIAH1-203	sig_white
in_trifid	chr2:54987698:55049745:-	white	-0.262377367440248	7.76187493311223e-66	RTN4	clu_11888_-	gencode	0.35355	0.4268	0.4268	ENST00000317610,ENST00000402434	RTN4-201,RTN4-207	sig_white
in_trifid	chr16:67265106:67266088:+	beige	0.259357436684607	6.24534433815241e-13	SLC9A5	clu_5308_+	gencode	0.2569	0.337666666666667	0.0085	ENST00000299798,ENST00000564812,ENST00000566626	SLC9A5-201,SLC9A5-205,SLC9A5-207	sig_beige
in_trifid	chr14:95475835:95516596:-	white	-0.255498340358474	8.22208206382477e-42	SYNE3	clu_16766_-	refseq	0.48095	0.485325	0.4703	NM_152592,NM_001384284,NM_001363692,NM_001384281	NA,NA,NA,NA	sig_white
in_trifid	chr19:29702977:29708254:-	beige	0.247813326760174	1.95275297866423e-60	C19orf12	clu_7568_-	gencode	0.38778	0.53768	0.4473	ENST00000323670,ENST00000614091,ENST00000392278,ENST00000592153,ENST00000591243	C19orf12-201,C19orf12-208,C19orf12-205,C19orf12-207,C19orf12-206	sig_beige
in_trifid	chr1:45997799:46002805:+	beige	0.242929931896807	1.23569886982429e-15	MAST2	clu_13672_+	gencode	0.3211	0.57465	0.57465	ENST00000361297,ENST00000372008	MAST2-201,MAST2-202	sig_beige
in_trifid	chr4:122917704:122922335:-	beige	0.241631737783077	4.20318836078781e-05	NUDT6	clu_36863_-	gencode	0.7245	1	1	ENST00000304430	NUDT6-201	sig_beige
in_trifid	chr4:122917704:122922801:-	white	-0.241631737783077	4.20318836078781e-05	NUDT6	clu_36863_-	gencode	0.4805	0.6633	0.6633	ENST00000339154	NUDT6-202	sig_white
in_trifid	chr12:121534590:121548877:-	white	-0.240807624814509	1.80352403408417e-06	KDM2B	clu_25932_-	gencode	0.1012625	0.2025375	0.0128	ENST00000377071,ENST00000377069,ENST00000536437,ENST00000611216,ENST00000538046,ENST00000446152,ENST00000543025,ENST00000539394	KDM2B-202,KDM2B-201,KDM2B-205,KDM2B-219,KDM2B-206,KDM2B-203,KDM2B-216,KDM2B-210	sig_white
in_trifid	chr8:101719648:101790862:-	beige	0.239477630365254	1.91678259823064e-61	NCALD	clu_8894_-	gencode	0.3715	0.373033333333333	0.1191	ENST00000220931,ENST00000522951,ENST00000522448	NCALD-201,NCALD-225,NCALD-223	sig_beige
in_trifid	chr1:171269086:171275346:+	beige	0.237772073654967	1.14178689555895e-18	FMO1	clu_14581_+	refseq	0.0324	0.0328	0.0328	XM_005245037	NA	sig_beige
in_trifid	chr12:29223894:29270412:+	beige	0.232181418526325	2.28389496172442e-63	FAR2	clu_10672_+	gencode	0.986	1	1	ENST00000182377	FAR2-201	sig_beige
in_trifid	chr11:58570713:58575760:-	white	-0.231264569138008	2.44521915392778e-09	LPXN	clu_1449_-	gencode	0.3057	0.5005	0.5005	ENST00000395074,ENST00000530561	LPXN-201,LPXN-205	sig_white
in_trifid	chr1:145868400:145871982:-	white	-0.230604634049917	3.29590892832067e-07	ANKRD35	clu_28537_-	gencode	0.35585	0.51575	0.51575	ENST00000355594,ENST00000544626	ANKRD35-201,ANKRD35-202	sig_white
in_trifid	chr11:10193987:10294015:-	beige	0.228281414875889	1.17934588457191e-07	SBF2	clu_1262_-	gencode	0.9568	1	1	ENST00000256190	SBF2-201	sig_beige
in_trifid	chr12:1795780:1797418:-	beige	0.227217385674831	2.03928249227818e-07	CACNA2D4	clu_24945_-	gencode	0.100784615384615	0.168384615384615	0.0016	ENST00000382722,ENST00000586184,ENST00000588077,ENST00000585708,ENST00000587995,ENST00000444595,ENST00000538027,ENST00000538450,ENST00000545595,ENST00000536846,ENST00000537784,ENST00000537923,ENST00000585385	CACNA2D4-202,CACNA2D4-221,CACNA2D4-223,CACNA2D4-219,CACNA2D4-222,CACNA2D4-203,CACNA2D4-208,CACNA2D4-209,CACNA2D4-217,CACNA2D4-205,CACNA2D4-206,CACNA2D4-207,CACNA2D4-218	sig_beige
in_trifid	chr8:61684188:61689673:-	beige	0.226555913872765	0.000846066859315867	ASPH	clu_8741_-	gencode	0.212177777777778	0.276688888888889	0.1544	ENST00000541428,ENST00000389204,ENST00000522603,ENST00000517661,ENST00000517903,ENST00000517847,ENST00000522835,ENST00000518306,ENST00000522349	ASPH-230,ASPH-204,ASPH-224,ASPH-206,ASPH-209,ASPH-207,ASPH-225,ASPH-212,ASPH-223	sig_beige
in_trifid	chr8:61684188:61714269:-	white	-0.226555913872765	0.000846066859315867	ASPH	clu_8741_-	gencode	0.159785714285714	0.208357142857143	0.1092	ENST00000379454,ENST00000356457,ENST00000379449,ENST00000518068,ENST00000445642,ENST00000519234,ENST00000517856	ASPH-203,ASPH-201,ASPH-202,ASPH-211,ASPH-205,ASPH-214,ASPH-208	sig_white
in_trifid	chr16:69139914:69143178:+	white	-0.220064142241106	6.75963464239484e-13	UTP4	clu_5371_+	gencode	0.217071428571429	0.223414285714286	0.0443	ENST00000314423,ENST00000562237,ENST00000563094,ENST00000352319,ENST00000566227,ENST00000566227,ENST00000567460	UTP4-201,UTP4-203,UTP4-204,UTP4-202,UTP4-207,UTP4-207,UTP4-211	sig_white
in_trifid	chr1:233179175:233198939:-	white	-0.219865059000693	1.16191345004054e-06	PCNX2	clu_29260_-	gencode	0.12384	0.21772	0.0341	ENST00000258229,ENST00000430153,ENST00000488780,ENST00000462233,ENST00000475463	PCNX2-201,PCNX2-205,PCNX2-213,PCNX2-206,PCNX2-209	sig_white
in_trifid	chrX:136169733:136169907:+	beige	0.216365685962262	0.000190949089897903	FHL1	clu_15609_+	gencode	0.37035	0.4504	0.4504	ENST00000394153,ENST00000456445	FHL1-204,FHL1-210	sig_beige
in_trifid	chr5:119356121:119392816:+	white	-0.215556730972748	0.000178047033746138	TNFAIP8	clu_22597_+	gencode	0.8958	0.94985	0.94985	ENST00000504771,ENST00000503646	TNFAIP8-206,TNFAIP8-204	sig_white
in_trifid	chr5:119268907:119392816:+	beige	0.215556730972748	0.000178047033746138	TNFAIP8	clu_22597_+	gencode	0.8484	0.8995	0.8995	ENST00000274456	TNFAIP8-201	sig_beige
in_trifid	chr12:55974139:55986869:+	white	-0.215408685663492	0.000775423598034503	RAB5B	clu_10891_+	gencode	0.20184	0.2022	0	ENST00000360299,ENST00000448789,ENST00000549505,ENST00000549505,ENST00000549505	RAB5B-201,RAB5B-202,RAB5B-206,RAB5B-206,RAB5B-206	sig_white
in_trifid	chr11:57310556:57311238:-	beige	0.214749548925036	1.05572363258462e-31	TNKS1BP1	clu_1427_-	gencode	9e-04	0.0015	0.0015	ENST00000530920	TNKS1BP1-205	sig_beige
in_trifid	chr2:11773745:11779519:+	white	-0.213880106758627	7.93970609817713e-61	LPIN1	clu_30968_+	gencode	0.29145	0.58295	0.58295	ENST00000256720,ENST00000425416	LPIN1-201,LPIN1-207	sig_white
in_trifid	chr11:62664973:62665131:-	white	-0.213788491321107	6.75571179684395e-33	C11orf98,AP001458.2	clu_1547_-	gencode	0.3418	0.466266666666667	0.2803	ENST00000524958,ENST00000528405,ENST00000525675	C11orf98-201,AP001458.2-201,C11orf98-202	sig_white
in_trifid	chr1:145873985:145874155:-	beige	0.212494039930069	3.29590892832067e-07	ANKRD35	clu_28537_-	gencode	0.35585	0.51575	0.51575	ENST00000355594,ENST00000544626	ANKRD35-201,ANKRD35-202	sig_beige
in_trifid	chr17:48577020:48577863:-	beige	0.210432733510046	4.98696228833995e-12	HOXB4	clu_20089_-	gencode	0.7325	1	1	ENST00000332503	HOXB4-201	sig_beige
in_trifid	chr12:121240869:121245140:-	beige	0.210419119658661	7.33355319995899e-17	CAMKK2	clu_25917_-	gencode	0.602	0.6288	0.709	ENST00000337174,ENST00000412367,ENST00000538733	CAMKK2-202,CAMKK2-208,CAMKK2-211	sig_beige
in_trifid	chr6:111580389:111591258:-	beige	0.209013556968095	1.4558348411468e-37	TRAF3IP2	clu_33213_-	gencode	0.3868	0.748125	0.8087	ENST00000368761,ENST00000340026,ENST00000392556,ENST00000359831	TRAF3IP2-207,TRAF3IP2-201,TRAF3IP2-208,TRAF3IP2-202	sig_beige
in_trifid	chr17:17577027:17577107:-	beige	0.208492273858982	3.18459597184453e-102	PEMT	clu_19605_-	refseq	0.1319	0.1346	0.1346	XM_006721418	NA	sig_beige
in_trifid	chr2:109432671:109436893:+	white	-0.208249854933159	4.08340506783979e-14	SH3RF3	clu_31616_+	gencode	0.6593	1	1	ENST00000309415	SH3RF3-201	sig_white
in_trifid	chr12:53252035:53252818:+	beige	0.207673678486934	7.30040729652479e-14	MFSD5	clu_10840_+	gencode	0.2294	0.30595	0.30595	ENST00000534842,ENST00000551660	MFSD5-202,MFSD5-204	sig_beige
in_trifid	chr3:12941865:12967387:-	white	-0.2072837592798	2.97932138150893e-15	IQSEC1	clu_3320_-	gencode	0.8367	1	1	ENST00000273221	IQSEC1-201	sig_white
in_trifid	chr11:57310556:57312534:-	white	-0.205826446314793	1.05572363258462e-31	TNKS1BP1	clu_1427_-	gencode	0.406433333333333	0.680133333333333	1	ENST00000358252,ENST00000532437,ENST00000528882	TNKS1BP1-201,TNKS1BP1-207,TNKS1BP1-204	sig_white
in_trifid	chr12:53252268:53252818:+	white	-0.205447303291041	7.30040729652479e-14	MFSD5	clu_10840_+	gencode	0.7498	1	1	ENST00000329548	MFSD5-201	sig_white
in_trifid	chr19:35139767:35140076:+	beige	0.203112625590633	2.71993975779022e-27	FXYD1	clu_26694_+	gencode	0.6694	0.8969	0.8969	ENST00000588715	FXYD1-206	sig_beige
in_trifid	chr1:160283639:160284131:-	beige	0.202762587601514	1.65883855962512e-39	PEX19	clu_28856_-	gencode	0.00135	0.0014	0.0014	ENST00000392220,ENST00000462644	PEX19-202,PEX19-203	sig_beige
in_trifid	chr3:157459926:157460181:-	beige	0.202708467031061	3.31001069162455e-19	VEPH1	clu_4326_-	gencode	0.0636	0.0878	0.0878	ENST00000537559	VEPH1-219	sig_beige
in_trifid	chr4:142305537:142314712:-	white	-0.200044894160217	0.000960391133227898	INPP4B	clu_36913_-	gencode	0.4141	0.5009625	0.50675	ENST00000508116,ENST00000513000,ENST00000262992,ENST00000509777,ENST00000510812,ENST00000507462,ENST00000506297,ENST00000512630	INPP4B-214,INPP4B-220,INPP4B-201,INPP4B-215,INPP4B-216,INPP4B-211,INPP4B-208,INPP4B-219	sig_white
in_trifid	chr16:66623502:66636405:-	white	-0.199684251526226	0.000126340238108379	CMTM4	clu_24604_-	gencode	0.351425	0.39995	0.29845	ENST00000394106,ENST00000330687,ENST00000563952,ENST00000561680	CMTM4-202,CMTM4-201,CMTM4-204,CMTM4-203	sig_white
in_trifid	chr19:35138894:35140076:+	white	-0.199485214587421	2.71993975779022e-27	FXYD1,AC020907.2	clu_26694_+	gencode	0.6694	0.8969	0.8969	ENST00000351325	FXYD1-201	sig_white
in_trifid	chrX:136147628:136169907:+	white	-0.195063159318689	0.000190949089897903	FHL1	clu_15609_+	gencode	0.33855	0.41175	0.353	ENST00000651929,ENST00000394155,ENST00000618438,ENST00000652457	FHL1-234,FHL1-205,FHL1-217,FHL1-235	sig_white
in_trifid	chr1:160283639:160285055:-	white	-0.193585331712073	1.65883855962512e-39	PEX19	clu_28856_-	gencode	0.4807	0.50045	0.50045	ENST00000368072,ENST00000532643	PEX19-201,PEX19-210	sig_white
in_trifid	chr3:71112637:71130498:-	white	-0.193402190304692	0.00971958526723084	FOXP1	clu_3864_-	gencode	0.48536	0.55732	0.6225	ENST00000649695,ENST00000648748,ENST00000650188,ENST00000491238,ENST00000497355	FOXP1-265,FOXP1-244,FOXP1-270,FOXP1-212,FOXP1-215	sig_white
in_trifid	chr3:71112637:71198202:-	beige	0.193402190304692	0.00971958526723084	FOXP1,AC097634.4	clu_3864_-	gencode	0.210576470588235	0.247879411764706	0.01295	ENST00000647725,ENST00000318789,ENST00000475937,ENST00000648710,ENST00000649596,ENST00000649610,ENST00000649528,ENST00000648718,ENST00000648380,ENST00000649631,ENST00000498215,ENST00000493089,ENST00000648426,ENST00000615603,ENST00000484350,ENST00000650068,ENST00000327590,ENST00000468577,ENST00000610810,ENST00000610810,ENST00000648321,ENST00000648321,ENST00000648321,ENST00000648321,ENST00000648384,ENST00000648384,ENST00000648384,ENST00000648384,ENST00000648895,ENST00000650123,ENST00000650123,ENST00000650123,ENST00000650123,ENST00000650295	AC097634.4-201,FOXP1-202,FOXP1-209,FOXP1-242,FOXP1-261,FOXP1-262,FOXP1-259,FOXP1-243,FOXP1-237,FOXP1-263,FOXP1-218,FOXP1-214,FOXP1-239,FOXP1-222,FOXP1-210,FOXP1-267,FOXP1-203,FOXP1-205,FOXP1-219,FOXP1-219,FOXP1-236,FOXP1-236,FOXP1-236,FOXP1-236,FOXP1-238,FOXP1-238,FOXP1-238,FOXP1-238,FOXP1-248,AC097634.4-202,AC097634.4-202,AC097634.4-202,AC097634.4-202,FOXP1-272	sig_beige
in_trifid	chrX:19645475:19683823:-	beige	0.192504091417631	1.23569886982429e-15	SH3KBP1	clu_85_-	gencode	0.2193	0.22925	0.02525	ENST00000397821,ENST00000379698,ENST00000379697,ENST00000379726,ENST00000432234,ENST00000432234	SH3KBP1-205,SH3KBP1-202,SH3KBP1-201,SH3KBP1-204,SH3KBP1-207,SH3KBP1-207	sig_beige
in_trifid	chr16:87331510:87333886:-	white	-0.189675520501343	1.34020469395854e-09	FBXO31	clu_24858_-	gencode	0.2194	0.368866666666667	0.1023	ENST00000311635,ENST00000618298,ENST00000565593	FBXO31-201,FBXO31-207,FBXO31-204	sig_white
in_trifid	chr22:38202212:38213823:+	white	-0.189005064849452	1.44864412668014e-05	MAFF	clu_16031_+	gencode	0.7032	1	1	ENST00000338483	MAFF-201	sig_white
in_trifid	chr2:238848733:238909842:+	white	-0.188696655963762	9.19134423151986e-38	TWIST2	clu_32408_+	gencode	0.7902	1	1	ENST00000612363	TWIST2-202	sig_white
in_trifid	chr3:46551610:46566177:-	beige	0.188545336406226	7.68989734950954e-05	LRRC2	clu_3499_-	gencode	0.9585	1	1	ENST00000395905	LRRC2-202	sig_beige
in_trifid	chr15:69305600:69337341:+	beige	0.18850844071456	1.53711149156435e-05	PAQR5	clu_30595_+	refseq	0.8772	0.8952	0.8952	XM_047432749	NA	sig_beige
in_trifid	chr15:69299056:69337341:+	white	-0.18850844071456	1.53711149156435e-05	PAQR5	clu_30595_+	gencode	0.48795	0.5018	0.5018	ENST00000395407,ENST00000558684	PAQR5-202,PAQR5-203	sig_white
in_trifid	chr15:90871605:90875582:+	white	-0.186396437583635	0.00120749006877086	FURIN	clu_30833_+	gencode	0.957	0.9777	0.9777	ENST00000610579	FURIN-206	sig_white
in_trifid	chr22:38213706:38213823:+	beige	0.186146311016518	1.44864412668014e-05	MAFF	clu_16031_+	gencode	0.5826	0.8285	0.8285	ENST00000407965	MAFF-202	sig_beige
in_trifid	chr22:50573715:50574335:-	beige	0.184783750243966	1.95129864167298e-09	CPT1B,CHKB-CPT1B	clu_1074_-	gencode	0.704883333333333	0.756683333333333	0.9753	ENST00000312108,ENST00000395650,ENST00000405237,ENST00000360719,ENST00000453634,ENST00000457250	CPT1B-201,CPT1B-203,CPT1B-204,CPT1B-202,CHKB-CPT1B-202,CPT1B-207	sig_beige
in_trifid	chr5:138021197:138032782:-	white	-0.183736555237171	1.45063710569485e-06	FAM13B	clu_6119_-	gencode	0.585666666666667	0.618033333333333	0.7182	ENST00000033079,ENST00000420893,ENST00000425075	FAM13B-201,FAM13B-202,FAM13B-203	sig_white
in_trifid	chr5:138021197:138038566:-	beige	0.183736555237171	1.45063710569485e-06	FAM13B	clu_6119_-	gencode	0	0	0	ENST00000514310,ENST00000514310	FAM13B-211,FAM13B-211	sig_beige
in_trifid	chr3:12351674:12379704:+	beige	0.183696026984724	1.01402769580553e-90	PPARG	clu_18227_+	gencode	0.8794	1	1	ENST00000287820	PPARG-201	sig_beige
in_trifid	chr5:132387151:132388921:+	beige	0.183005330161266	4.25409519930371e-08	SLC22A5	clu_22644_+	gencode	0.33495	0.356325	0.2124	ENST00000245407,ENST00000435065,ENST00000448810,ENST00000437841	SLC22A5-201,SLC22A5-203,SLC22A5-206,SLC22A5-204	sig_beige
in_trifid	chr14:50359149:50395701:-	beige	0.182682383334617	6.09030270113418e-06	CDKL1	clu_16455_-	gencode	0.2362	0.4725	0.4725	ENST00000395834,ENST00000216378	CDKL1-203,CDKL1-201	sig_beige
in_trifid	chr13:23160646:23203695:+	white	-0.18206292184829	1.0399351817889e-11	SGCG	clu_8153_+	refseq	0.2535	0.2536	0.2536	NM_001378244	NA	sig_white
in_trifid	chr8:119638527:119638748:-	white	-0.18185273057923	6.40096682834795e-12	ENPP2	clu_8958_-	gencode	0.51692	0.5824	0.9241	ENST00000522826,ENST00000259486,ENST00000075322,ENST00000520066,ENST00000518958	ENPP2-208,ENPP2-202,ENPP2-201,ENPP2-206,ENPP2-205	sig_white
in_trifid	chr8:106519139:106679210:+	white	-0.181337655105235	3.21205855656878e-06	OXR1	clu_21865_+	gencode	0.5951	0.7469	0.676	ENST00000517566,ENST00000531443,ENST00000442977	OXR1-209,OXR1-215,OXR1-205	sig_white
in_trifid	chr1:17632466:17634835:+	beige	0.18120327682464	1.23569886982429e-15	ARHGEF10L	clu_13235_+	gencode	0.13255	0.21995	0.21995	ENST00000375408,ENST00000167825	ARHGEF10L-203,ARHGEF10L-201	sig_beige
in_trifid	chr12:122835643:122848031:+	white	-0.180072288842253	0.0452328404408527	HIP1R	clu_11418_+	gencode	0.9501	1	1	ENST00000253083	HIP1R-201	sig_white
in_trifid	chr4:53507469:53507986:-	beige	0.177837740977988	7.94177148076972e-05	LNX1	clu_36568_-	gencode	0.665	0.8594	0.8594	ENST00000263925,ENST00000306888	LNX1-201,LNX1-202	sig_beige
in_trifid	chr16:31064481:31073659:-	beige	0.17639873258578	2.01057812724349e-08	ZNF668	clu_24479_-	gencode	0.4602	0.50075	0.50075	ENST00000300849,ENST00000414399	ZNF668-201,ZNF668-203	sig_beige
in_trifid	chr22:17791301:17808844:-	white	-0.175240033662142	1.49273281015017e-08	MICAL3,AC016026.1	clu_585_-	gencode	0.32275	0.51395	0.51395	ENST00000441493,ENST00000672019	MICAL3-206,MICAL3-220	sig_white
in_trifid	chr12:55719223:55719499:+	white	-0.17520841945887	5.16706489410909e-74	BLOC1S1	clu_10876_+	gencode	0.1425	0.2544	0.0088	ENST00000548925,ENST00000547076,ENST00000548556,ENST00000553100	BLOC1S1-203,BLOC1S1-201,BLOC1S1-202,BLOC1S1-206	sig_white
in_trifid	chr10:132245955:132307572:-	beige	0.174924799608752	1.10050822637279e-16	STK32C	clu_38176_-	gencode	0.8086	1	1	ENST00000298630	STK32C-201	sig_beige
in_trifid	chr14:75661387:75663055:+	white	-0.174499001466415	1.15779317729094e-49	TTLL5	clu_33907_+	gencode	0.2528	0.348675	0.19695	ENST00000298832,ENST00000557636,ENST00000556977,ENST00000286650	TTLL5-202,TTLL5-221,TTLL5-219,TTLL5-201	sig_white
in_trifid	chr18:31666372:31684312:-	white	-0.174209959644745	1.4965007538621e-09	B4GALT6	clu_21176_-	gencode	0.51695	0.5187	0.5187	ENST00000306851,ENST00000383131	B4GALT6-202,B4GALT6-203	sig_white
in_trifid	chr2:210189054:210192804:-	beige	0.172178731297502	6.86853555110113e-10	ACADL	clu_12779_-	gencode	0.9654	1	1	ENST00000233710	ACADL-201	sig_beige
in_trifid	chr17:82101866:82127692:-	white	-0.172175048421213	0.000218986073772087	CCDC57	clu_20571_-	gencode	0.114333333333333	0.2286	0.1209	ENST00000665763,ENST00000392347,ENST00000389641	CCDC57-220,CCDC57-206,CCDC57-202	sig_white
in_trifid	chr7:40749497:40860316:+	beige	0.171688245853126	1.08123767410809e-11	SUGCT	clu_40485_+	gencode	0.3033	0.603	0.596	ENST00000335693,ENST00000628514,ENST00000401647	SUGCT-201,SUGCT-209,SUGCT-202	sig_beige
in_trifid	chr1:146960011:146960109:+	white	-0.171643757786598	1.06739076603311e-10	NBPF12	clu_14195_+	gencode	0.0514	0.1028	0.1028	ENST00000579935	NBPF12-202	sig_white
in_trifid	chr2:48530216:48580587:+	white	-0.170991621400793	3.2520741042254e-40	STON1	clu_31216_+	gencode	0.9626	1	1	ENST00000404752	STON1-201	sig_white
in_trifid	chr6:56735289:56843055:-	beige	0.170966811310548	0.000204170136557375	DST	clu_32971_-	gencode	0.167766666666667	0.335533333333333	0.3343	ENST00000421834,ENST00000370788,ENST00000361203	DST-207,DST-206,DST-204	sig_beige
in_trifid	chr6:56735289:56851397:-	white	-0.170966811310547	0.000204170136557375	DST	clu_32971_-	gencode	0.0833	0.166633333333333	0.0685	ENST00000312431,ENST00000520645,ENST00000449297	DST-202,DST-222,DST-209	sig_white
in_trifid	chr10:110008299:110100625:+	beige	0.170616801436038	5.05810678940248e-51	ADD3	clu_30022_+	gencode	0.95875	0.9654	0.9654	ENST00000356080,ENST00000277900	ADD3-202,ADD3-201	sig_beige
in_trifid	chr1:171258219:171267543:+	white	-0.170461021716383	1.14178689555895e-18	FMO1	clu_14581_+	gencode	0.57948	0.6	1	ENST00000354841,ENST00000367750,ENST00000617670,ENST00000469112,ENST00000469112	FMO1-201,FMO1-202,FMO1-208,FMO1-205,FMO1-205	sig_white
in_trifid	chr21:45532148:45534538:-	beige	0.168939645756377	7.22540544668547e-08	SLC19A1	clu_37323_-	gencode	0.0773	0.1392	0.1392	ENST00000485649	SLC19A1-209	sig_beige
in_trifid	chr8:98456000:98526742:-	beige	0.168778440753809	3.61389235482179e-13	STK3	clu_8865_-	gencode	0.5	0.5263	0.5319	ENST00000419617,ENST00000523601,ENST00000617590	STK3-201,STK3-217,STK3-219	sig_beige
in_trifid	chr7:99439185:99444789:+	beige	0.168594474711688	1.42955664382958e-09	CPSF4	clu_40827_+	gencode	0.36458	0.3824	0.0092	ENST00000292476,ENST00000436336,ENST00000451876,ENST00000430038,ENST00000430038	CPSF4-201,CPSF4-204,CPSF4-207,CPSF4-203,CPSF4-203	sig_beige
in_trifid	chr3:171738082:171771195:-	white	-0.168105688398563	0.00797886722042561	PLD1	clu_4380_-	gencode	0	0	0	ENST00000418087	PLD1-204	sig_white
in_trifid	chr4:70705294:70762519:+	beige	0.16781813138891	4.20584814100985e-05	RUFY3	clu_39761_+	gencode	0.3018	0.3963	0.3963	ENST00000417478	RUFY3-203	sig_beige
in_trifid	chr11:110093432:110136663:+	beige	0.166366924512177	0.0146676677640521	ZC3H12C	clu_39164_+	gencode	0.7871	1	1	ENST00000278590	ZC3H12C-201	sig_beige
in_trifid	chr15:90873098:90875582:+	beige	0.166140663997651	0.00120749006877086	FURIN	clu_30833_+	gencode	0.957	0.9777	0.9777	ENST00000618099	FURIN-207	sig_beige
in_trifid	chr5:96702915:96722639:+	beige	0.165524192506774	6.40935279035677e-08	CAST	clu_22502_+	gencode	0.0617	0.123384615384615	0.0402	ENST00000309190,ENST00000509903,ENST00000511782,ENST00000511049,ENST00000395813,ENST00000504465,ENST00000510156,ENST00000508117,ENST00000508117,ENST00000508117,ENST00000508197,ENST00000508197,ENST00000508197	CAST-201,CAST-228,CAST-236,CAST-234,CAST-207,CAST-213,CAST-230,CAST-220,CAST-220,CAST-220,CAST-221,CAST-221,CAST-221	sig_beige
in_trifid	chr5:96695907:96722639:+	white	-0.165524192506774	6.40935279035677e-08	CAST	clu_22502_+	gencode	0.038455	0.07691	0	ENST00000508830,ENST00000395812,ENST00000338252,ENST00000341926,ENST00000510756,ENST00000508608,ENST00000505143,ENST00000421689,ENST00000511097,ENST00000506811,ENST00000506811,ENST00000512620,ENST00000512620,ENST00000512620,ENST00000512620,ENST00000514055,ENST00000514055,ENST00000514845,ENST00000514845,ENST00000514845	CAST-224,CAST-206,CAST-203,CAST-204,CAST-233,CAST-223,CAST-215,CAST-208,CAST-235,CAST-217,CAST-217,CAST-238,CAST-238,CAST-238,CAST-238,CAST-240,CAST-240,CAST-241,CAST-241,CAST-241	sig_white
in_trifid	chr1:240258032:240294822:+	beige	0.165379501215122	6.86853555110113e-10	FMN2	clu_15046_+	gencode	0.13846	0.2	0	ENST00000319653,ENST00000441342,ENST00000441342,ENST00000441342,ENST00000441342	FMN2-201,FMN2-202,FMN2-202,FMN2-202,FMN2-202	sig_beige
in_trifid	chr11:36301070:36393846:+	beige	0.165365560054547	1.43239427363627e-14	PRR5L	clu_38490_+	gencode	0.0213	0.0265	0.0265	ENST00000527172	PRR5L-208	sig_beige
in_trifid	chr11:691598:694759:-	beige	0.16528699626807	0.000154900431194438	DEAF1	clu_1114_-	gencode	0.9862	1	1	ENST00000382409	DEAF1-201	sig_beige
in_trifid	chr3:171677694:171687371:-	beige	0.165053416701079	0.00262160571921438	PLD1	clu_4379_-	gencode	0.4793	0.7899	0.7899	ENST00000356327	PLD1-203	sig_beige
in_trifid	chr11:62664973:62667523:-	beige	0.164988684620874	6.75571179684395e-33	LBHD1	clu_1547_-	gencode	0.168025	0.336	0.3895	ENST00000354588,ENST00000532208,ENST00000431002,ENST00000415855	LBHD1-201,LBHD1-210,LBHD1-204,LBHD1-203	sig_beige
in_trifid	chr8:119638527:119673252:-	beige	0.164793526943182	6.40096682834795e-12	ENPP2	clu_8958_-	gencode	0.6602	0.7438	0.7438	ENST00000427067	ENPP2-203	sig_beige
in_trifid	chr1:45997799:46000959:+	white	-0.164233152194489	1.23569886982429e-15	MAST2	clu_13672_+	refseq	0.323005	0.410355	0.32785	XM_047450111,XM_005270655,NM_001324321,NM_001324320,XM_011541063,XM_011541064,XM_005270656,XM_047450149,XM_011541067,XM_011541061,XM_047450141,XM_047450145,XM_047450121,XM_017000753,XM_011541069,XM_006710477,XM_047450116,XM_017000752,XM_011541059,XM_017000755	NA,NA,NA,NA,NA,NA,NA,NA,NA,NA,NA,NA,NA,NA,NA,NA,NA,NA,NA,NA	sig_white
in_trifid	chr7:134867804:134928754:+	white	-0.163905245692302	0.00510997616527513	CALD1	clu_41068_+	gencode	0.162976923076923	0.243423076923077	0	ENST00000361675,ENST00000361901,ENST00000417172,ENST00000422748,ENST00000436461,ENST00000430085,ENST00000430085,ENST00000430085,ENST00000430085,ENST00000430085,ENST00000454108,ENST00000454108,ENST00000435928	CALD1-201,CALD1-202,CALD1-204,CALD1-205,CALD1-209,CALD1-207,CALD1-207,CALD1-207,CALD1-207,CALD1-207,CALD1-212,CALD1-212,CALD1-208	sig_white
in_trifid	chr7:134891673:134928754:+	beige	0.163905245692302	0.00510997616527513	CALD1	clu_41068_+	gencode	0.119975	0.179175	0.11895	ENST00000424922,ENST00000393118,ENST00000495522,ENST00000443197	CALD1-206,CALD1-203,CALD1-222,CALD1-210	sig_beige
in_trifid	chrX:49282063:49285834:+	beige	0.163064858262554	2.72556212995074e-05	PPP1R3F	clu_15312_+	gencode	0.1671	0.28102	0.0965	ENST00000055335,ENST00000652102,ENST00000495799,ENST00000376188,ENST00000466508	PPP1R3F-201,PPP1R3F-206,PPP1R3F-205,PPP1R3F-202,PPP1R3F-203	sig_beige
in_trifid	chr2:69466551:69505569:-	white	-0.16281163670289	2.71993975779022e-27	AAK1	clu_11994_-	gencode	0.0014	0.0027	0.0027	ENST00000623317	AAK1-212	sig_white
in_trifid	chr11:66872159:66907821:-	beige	0.162364334508669	2.90110267041766e-103	PC	clu_1700_-	gencode	0.9681	1	1	ENST00000393955,ENST00000393955	PC-201,PC-201	sig_beige
in_trifid	chr19:12774897:12775405:-	beige	0.16226064036575	1.59524280890207e-28	HOOK2	clu_7381_-	gencode	0.592333333333333	0.617533333333333	0.8522	ENST00000264827,ENST00000397668,ENST00000587178	HOOK2-201,HOOK2-202,HOOK2-207	sig_beige
in_trifid	chr1:33334292:33354401:-	beige	0.162172205371729	8.56054614384514e-09	PHC2	clu_27829_-	gencode	0.3419	0.427533333333333	0.4068	ENST00000257118,ENST00000431992,ENST00000373422	PHC2-201,PHC2-204,PHC2-203	sig_beige
in_trifid	chr3:12289134:12312380:+	white	-0.161903569821521	1.01402769580553e-90	PPARG	clu_18227_+	gencode	0.381725	0.43405	0.4424	ENST00000397026,ENST00000651735,ENST00000652098,ENST00000652431	PPARG-209,PPARG-221,PPARG-223,PPARG-224	sig_white
in_trifid	chr11:111919004:111924326:+	white	-0.161420178751747	3.05878191842422e-19	C11orf52,HSPB2-C11orf52	clu_39178_+	gencode	0.1882	0.334066666666667	0.0022	ENST00000278601,ENST00000529342,ENST00000534100	C11orf52-201,C11orf52-204,HSPB2-C11orf52-202	sig_white
in_trifid	chr10:91163081:91222689:+	white	-0.161391118401201	9.43590156803923e-06	PCGF5	clu_29834_+	gencode	0.9632	0.975	0.975	ENST00000614189	PCGF5-205	sig_white
in_trifid	chr15:55874008:55915284:-	white	-0.16123946685836	1.03598807077408e-08	NEDD4	clu_2513_-	gencode	0.4102	0.564	0.564	ENST00000508342,ENST00000506154	NEDD4-208,NEDD4-205	sig_white
in_trifid	chr15:55874008:55924646:-	beige	0.16123946685836	1.03598807077408e-08	NEDD4	clu_2513_-	gencode	0.121516666666667	0.1671	0	ENST00000435532,ENST00000648451,ENST00000502612,ENST00000502612,ENST00000502612,ENST00000502612	NEDD4-202,NEDD4-213,NEDD4-203,NEDD4-203,NEDD4-203,NEDD4-203	sig_beige
in_trifid	chr6:109002343:109093795:-	beige	0.160550514629925	7.94029048389642e-07	SESN1	clu_33166_-	gencode	0.9751	1	1	ENST00000436639	SESN1-204	sig_beige
in_trifid	chr6:109002343:109009359:-	white	-0.160550514629925	7.94029048389642e-07	SESN1	clu_33166_-	gencode	0.8868	0.9094	0.9094	ENST00000356644	SESN1-202	sig_white
in_trifid	chr5:14420021:14461019:+	beige	0.160447253077124	4.51274317351576e-09	TRIO	clu_22119_+	gencode	0.334533333333333	0.447966666666667	0.2061	ENST00000344204,ENST00000512070,ENST00000513206	TRIO-202,TRIO-218,TRIO-221	sig_beige
in_trifid	chr14:90593626:90610742:-	beige	0.160393838499134	1.12961948588427e-13	TTC7B	clu_16711_-	gencode	0.4903	0.5014	0.5014	ENST00000328459,ENST00000555894	TTC7B-201,TTC7B-208	sig_beige
in_trifid	chrX:150699300:150718625:+	white	-0.160185197261283	1.52772112682767e-06	MTMR1	clu_15646_+	gencode	0.358033333333333	0.378333333333333	0.092	ENST00000370390,ENST00000485376,ENST00000542156	MTMR1-202,MTMR1-209,MTMR1-214	sig_white
in_trifid	chr12:27380404:27385481:+	white	-0.159682235366792	1.10458789034905e-07	ARNTL2	clu_10654_+	gencode	0.2390875	0.376375	0.30355	ENST00000266503,ENST00000311001,ENST00000261178,ENST00000544915,ENST00000395901,ENST00000542388,ENST00000457040,ENST00000546179	ARNTL2-202,ARNTL2-203,ARNTL2-201,ARNTL2-208,ARNTL2-204,ARNTL2-207,ARNTL2-205,ARNTL2-209	sig_white
in_trifid	chr17:59945518:59946551:+	white	-0.159175584111116	2.96260708253069e-06	RPS6KB1	clu_35023_+	gencode	0.22305	0.227075	0	ENST00000225577,ENST00000393021,ENST00000443572,ENST00000472940,ENST00000472940,ENST00000472940,ENST00000472940,ENST00000472940	RPS6KB1-201,RPS6KB1-202,RPS6KB1-204,RPS6KB1-205,RPS6KB1-205,RPS6KB1-205,RPS6KB1-205,RPS6KB1-205	sig_white
in_trifid	chr11:111879605:111882368:+	white	-0.159091100009868	1.76540178937078e-11	C11orf1	clu_39175_+	gencode	0.14875	0.2975	0.2975	ENST00000260276,ENST00000530214	C11orf1-201,C11orf1-204	sig_white
in_trifid	chr10:103661114:103668608:-	beige	0.158677606406862	4.02669411380625e-18	SH3PXD2A	clu_38044_-	gencode	0.5435	0.632266666666667	0.8747	ENST00000355946,ENST00000369774,ENST00000420222	SH3PXD2A-202,SH3PXD2A-203,SH3PXD2A-204	sig_beige
in_trifid	chr3:171738082:171810399:-	beige	0.158593335772224	0.00797886722042561	PLD1	clu_4380_-	gencode	0.367866666666667	0.606266666666667	0.7899	ENST00000351298,ENST00000356327,ENST00000440204	PLD1-202,PLD1-203,PLD1-205	sig_beige
in_trifid	chr1:153563887:153566702:-	beige	0.158446239415118	0.00463507452440186	S100A2	clu_28685_-	gencode	0.8482	0.9819	0.9819	ENST00000368709	S100A2-203	sig_beige
in_trifid	chr1:153563887:153565506:-	white	-0.158446239415118	0.00463507452440186	S100A2	clu_28685_-	gencode	0.44625	0.5166	0.5166	ENST00000368708,ENST00000368707	S100A2-202,S100A2-201	sig_white
in_trifid	chr11:111879040:111882368:+	beige	0.158328912057496	1.76540178937078e-11	C11orf1	clu_39175_+	gencode	0.004	0.0079	0.0079	ENST00000528125	C11orf1-202	sig_beige
in_trifid	chr1:55178132:55214790:-	white	-0.157854098757797	8.20690384321617e-10	USP24	clu_28101_-	gencode	0.9328	1	1	ENST00000294383	USP24-201	sig_white
in_trifid	chr2:64990170:65001448:+	white	-0.156952441762945	0.000181327775988487	SLC1A4	clu_31302_+	gencode	0.9321	1	1	ENST00000234256	SLC1A4-201	sig_white
in_trifid	chr22:50330995:50372020:+	beige	0.156360414117695	0.00010431929720002	PPP6R2	clu_16195_+	refseq	0.1672	0.3344	0.3344	XM_047441654	NA	sig_beige
in_trifid	chr8:17675252:17684328:-	white	-0.156142293431275	3.49991379562679e-06	MTUS1	clu_8539_-	gencode	0.330128571428571	0.4927	0.475	ENST00000297488,ENST00000262102,ENST00000381861,ENST00000519263,ENST00000381869,ENST00000544260,ENST00000520196	MTUS1-202,MTUS1-201,MTUS1-203,MTUS1-216,MTUS1-204,MTUS1-228,MTUS1-217	sig_white
in_trifid	chrX:115017302:115017553:-	beige	0.155838727151254	8.94722549232041e-21	IL13RA2	clu_391_-	gencode	0.6029	0.9407	0.9407	ENST00000243213,ENST00000371936	IL13RA2-201,IL13RA2-202	sig_beige
in_trifid	chr11:111977794:111980737:+	white	-0.155783936574492	2.62089230411348e-11	DIXDC1	clu_39182_+	gencode	0.5679	0.5898	0.5898	ENST00000615255	DIXDC1-208	sig_white
in_trifid	chr1:196743628:196745817:+	beige	0.155696066142233	2.44521915392778e-09	CFH	clu_14736_+	gencode	0.7404	1	1	ENST00000367429	CFH-202	sig_beige
in_trifid	chr10:91220836:91222689:+	beige	0.155331763792297	9.43590156803923e-06	PCGF5	clu_29834_+	gencode	0.9879	1	1	ENST00000336126	PCGF5-201	sig_beige
in_trifid	chr3:187734907:187737597:-	beige	0.155315090763757	1.08151569021131e-13	BCL6	clu_4454_-	gencode	0	0	0	ENST00000438077,ENST00000438077,ENST00000438077	BCL6-205,BCL6-205,BCL6-205	sig_beige
in_trifid	chr3:14416453:14443624:+	white	-0.15528377998099	3.13794711009527e-12	SLC6A6	clu_18245_+	gencode	0.134811111111111	0.1779	0	ENST00000622186,ENST00000621751,ENST00000622176,ENST00000610642,ENST00000610642,ENST00000610642,ENST00000649500,ENST00000649500,ENST00000649500	SLC6A6-210,SLC6A6-208,SLC6A6-209,SLC6A6-203,SLC6A6-203,SLC6A6-203,SLC6A6-212,SLC6A6-212,SLC6A6-212	sig_white
in_trifid	chr8:22533018:22540615:+	white	-0.154700093501455	9.83769869286039e-13	PPP3CC	clu_21466_+	gencode	0.5855	0.8794	0.8794	ENST00000289963	PPP3CC-202	sig_white
in_trifid	chr4:70722751:70762519:+	white	-0.153643170799958	4.20584814100985e-05	RUFY3	clu_39761_+	gencode	0.70885	0.93075	0.93075	ENST00000226328,ENST00000381006	RUFY3-201,RUFY3-202	sig_white
in_trifid	chr16:66935711:66938037:+	beige	0.153395049274686	0.000974419994897022	CES2	clu_5281_+	gencode	0.3209	0.6419	0.6419	ENST00000317091,ENST00000417689	CES2-201,CES2-202	sig_beige
in_trifid	chr1:160127820:160128652:+	white	-0.153238977648042	3.88858862607815e-06	ATP1A2	clu_14479_+	gencode	0.373833333333333	0.3846	0.1356	ENST00000361216,ENST00000392233,ENST00000447527	ATP1A2-201,ATP1A2-202,ATP1A2-203	sig_white
in_trifid	chr13:44436095:44436504:-	beige	0.152846570856655	3.86512090397483e-27	TSC22D1	clu_17891_-	gencode	0.7965	1	1	ENST00000261489	TSC22D1-201	sig_beige
in_trifid	chr8:73422702:73552012:-	beige	0.152392805797064	1.37691644109026e-09	STAU2	clu_8774_-	gencode	0.492366666666667	0.604266666666667	0.7432	ENST00000524300,ENST00000522695,ENST00000523558	STAU2-229,STAU2-220,STAU2-225	sig_beige
in_trifid	chr5:14441360:14461019:+	white	-0.151895968662778	4.51274317351576e-09	TRIO	clu_22119_+	gencode	0.0036	0.0048	0.0048	ENST00000639876	TRIO-225	sig_white
in_trifid	chr7:99439596:99444789:+	white	-0.151503391247632	1.42955664382958e-09	CPSF4	clu_40827_+	gencode	0.3252	0.3411	0.3411	ENST00000441580	CPSF4-206	sig_white
in_trifid	chr17:29568508:29569018:+	beige	0.150560110122578	2.47916987674473e-09	TP53I13	clu_34539_+	gencode	0.013	0.02605	0.02605	ENST00000578749,ENST00000580183	TP53I13-205,TP53I13-208	sig_beige
in_trifid	chr1:113757755:113758659:-	white	-0.150442530566778	2.44751369850962e-08	PHTF1	clu_28417_-	gencode	0.409114285714286	0.447414285714286	0.4056	ENST00000369604,ENST00000393357,ENST00000369598,ENST00000357783,ENST00000369600,ENST00000446739,ENST00000446739	PHTF1-204,PHTF1-205,PHTF1-202,PHTF1-201,PHTF1-203,PHTF1-207,PHTF1-207	sig_white
in_trifid	chr11:65380175:65381915:-	white	-0.150415074981398	1.64159576620943e-14	SLC25A45	clu_1647_-	gencode	0.44368	0.47836	0.2762	ENST00000527174,ENST00000398802,ENST00000534028,ENST00000526432,ENST00000530936	SLC25A45-208,SLC25A45-202,SLC25A45-214,SLC25A45-206,SLC25A45-211	sig_white
in_trifid	chr7:128456023:128457201:+	beige	0.15037893231609	2.75754324820141e-47	HILPDA,AC010655.2	clu_41011_+	gencode	0.7292	1	1	ENST00000257696	HILPDA-201	sig_beige
in_trifid	chr8:17675252:17676276:-	beige	0.15036783162251	3.49991379562679e-06	MTUS1	clu_8539_-	gencode	0.21845	0.326	0.326	ENST00000634613,ENST00000519066	MTUS1-229,MTUS1-215	sig_beige
in_trifid	chr11:76453388:76458183:+	white	-0.150077581014454	1.35051944500116e-05	EMSY	clu_39030_+	gencode	0.72145	0.75545	0.9379	ENST00000525919,ENST00000529032,ENST00000334736,ENST00000524490	EMSY-207,EMSY-210,EMSY-201,EMSY-204	sig_white
in_trifid	chr8:106658185:106679210:+	beige	0.149614281642055	3.21205855656878e-06	OXR1	clu_21865_+	gencode	0.7968	1	1	ENST00000312046	OXR1-202	sig_beige
in_trifid	chr19:47717016:47718509:+	white	-0.149216033716588	0.0459765543804013	EHD2	clu_27013_+	gencode	0.9879	1	1	ENST00000263277	EHD2-201	sig_white
in_trifid	chr4:120816574:120818353:-	beige	0.14921554812098	0.00658651544935321	PRDM5	clu_36849_-	gencode	0.5223	0.53425	0.53425	ENST00000428209,ENST00000515109	PRDM5-203,PRDM5-212	sig_beige
in_trifid	chr8:144103225:144103553:-	white	-0.148697825240084	2.25351936390357e-07	SHARPIN	clu_9130_-	gencode	0.3639	0.50315	0.50315	ENST00000398712,ENST00000359551	SHARPIN-202,SHARPIN-201	sig_white
in_trifid	chr10:71964694:72005736:+	beige	0.148290788651625	0.00270677732244009	CHST3	clu_29709_+	gencode	0.6178	1	1	ENST00000373115	CHST3-201	sig_beige
in_trifid	chr19:48633655:48634349:-	white	-0.148243906947376	0.00053586446403816	DBP	clu_7898_-	gencode	0.0946	0.0982	0.0982	ENST00000593500	DBP-202	sig_white
in_trifid	chr6:111592094:111605776:-	white	-0.148078605485389	1.4558348411468e-37	TRAF3IP2	clu_33213_-	gencode	0.236966666666667	0.458366666666667	0.3751	ENST00000368761,ENST00000359831,ENST00000650649	TRAF3IP2-207,TRAF3IP2-202,TRAF3IP2-213	sig_white
in_trifid	chr3:14432787:14443624:+	beige	0.147666878072898	3.13794711009527e-12	SLC6A6	clu_18245_+	gencode	0.0026	0.0034	0.0034	ENST00000452775	SLC6A6-202	sig_beige
in_trifid	chr11:47286534:47289391:+	beige	0.147231395872611	8.58891728210446e-07	MADD	clu_38566_+	gencode	0.81146	0.84996	0.8423	ENST00000342922,ENST00000402192,ENST00000402799,ENST00000406482,ENST00000395344	MADD-202,MADD-206,MADD-207,MADD-209,MADD-205	sig_beige
in_trifid	chr12:116911157:116928023:+	beige	0.147167351151166	0.0418442170526186	FBXW8	clu_11348_+	gencode	0.8252	0.8688	0.8688	ENST00000455858	FBXW8-202	sig_beige
in_trifid	chr10:89612048:89644600:-	white	-0.146748864977073	3.21141326392683e-25	PANK1	clu_37849_-	gencode	0.6418	0.8171	0.8171	ENST00000307534	PANK1-201	sig_white
in_trifid	chr1:33334292:33349597:-	white	-0.146113957415677	8.56054614384514e-09	PHC2	clu_27829_-	gencode	0.7998	1	1	ENST00000373418	PHC2-202	sig_white
in_trifid	chr11:7565767:7593132:+	beige	0.146081947655992	6.11153550758846e-05	PPFIBP2	clu_38330_+	gencode	0.18836	0.2	0	ENST00000299492,ENST00000524548,ENST00000524548,ENST00000527790,ENST00000527790	PPFIBP2-201,PPFIBP2-203,PPFIBP2-203,PPFIBP2-207,PPFIBP2-207	sig_beige
in_trifid	chr4:142305537:142305877:-	beige	0.145952432869798	0.000960391133227898	INPP4B	clu_36913_-	gencode	0.0319	0.0386	0.0386	ENST00000511838	INPP4B-217	sig_beige
in_trifid	chr2:62705736:62706897:+	white	-0.145890612084886	1.6755015930419e-36	EHBP1	clu_31283_+	gencode	0.003	0.0031	0.0031	ENST00000405482	EHBP1-204	sig_white
in_trifid	chr10:71965475:72005736:+	white	-0.144143190934779	0.00270677732244009	CHST3	clu_29709_+	refseq	0.5035	0.6793	0.6793	XM_006718075	NA	sig_white
in_trifid	chr22:50343550:50372020:+	white	-0.143903945419956	0.00010431929720002	PPP6R2	clu_16195_+	gencode	0.312875	0.6257	0.702	ENST00000612753,ENST00000395744,ENST00000395741,ENST00000359139	PPP6R2-209,PPP6R2-204,PPP6R2-203,PPP6R2-202	sig_white
in_trifid	chr4:120816574:120816832:-	white	-0.143705564361433	0.00658651544935321	PRDM5	clu_36849_-	gencode	0.48885	0.5	0.5	ENST00000264808,ENST00000502409	PRDM5-201,PRDM5-204	sig_white
in_trifid	chr4:76251820:76263704:+	white	-0.143640468864899	3.26802602125809e-15	FAM47E-STBD1,FAM47E	clu_39783_+	gencode	0.00072	0.00146	8e-04	ENST00000502320,ENST00000510328,ENST00000509377,ENST00000514365,ENST00000651133	FAM47E-202,FAM47E-204,FAM47E-STBD1-201,FAM47E-STBD1-203,FAM47E-STBD1-205	sig_white
in_trifid	chrX:15738352:15749971:+	beige	0.143570721601024	5.44750243891257e-99	CA5B	clu_15162_+	gencode	0.972	1	1	ENST00000318636	CA5B-201	sig_beige
in_trifid	chr17:4950630:4951828:+	beige	0.143046244182533	0.0177723430878002	ENO3	clu_34253_+	gencode	3e-04	3e-04	3e-04	ENST00000522301	ENO3-213	sig_beige
in_trifid	chr15:49876523:49879376:-	beige	0.142609952941396	0.0319072039302655	ATP8B4	clu_2448_-	gencode	0.36892	0.40402	0.0087	ENST00000284509,ENST00000559829,ENST00000557955,ENST00000558906,ENST00000559726	ATP8B4-201,ATP8B4-211,ATP8B4-202,ATP8B4-208,ATP8B4-210	sig_beige
in_trifid	chr6:163563719:163566721:+	white	-0.142202455829184	2.70386872507002e-15	QKI	clu_23974_+	gencode	0.279428571428571	0.283628571428571	0	ENST00000361752,ENST00000361195,ENST00000545607,ENST00000537883,ENST00000537883,ENST00000544361,ENST00000544361	QKI-203,QKI-202,QKI-217,QKI-210,QKI-210,QKI-213,QKI-213	sig_white
in_trifid	chr3:193618936:193631612:+	white	-0.141976696993424	7.77684619843842e-18	OPA1	clu_19197_+	gencode	0.180593333333333	0.186393333333333	0.0886	ENST00000361828,ENST00000392437,ENST00000646793,ENST00000643329,ENST00000644959,ENST00000392436,ENST00000642445,ENST00000644595,ENST00000645553,ENST00000642593,ENST00000644841,ENST00000644629,ENST00000643737,ENST00000642289,ENST00000646699	OPA1-204,OPA1-207,OPA1-232,OPA1-221,OPA1-226,OPA1-206,OPA1-219,OPA1-223,OPA1-227,OPA1-220,OPA1-225,OPA1-224,OPA1-222,OPA1-218,OPA1-231	sig_white
in_trifid	chrX:52956346:52958405:-	beige	0.14179647247658	3.83884530222283e-05	FAM156A	clu_208_-	gencode	0.0013	0.0025	0.0025	ENST00000619518	FAM156A-215	sig_beige
in_trifid	chr17:64353518:64354933:-	beige	0.14179626070265	0.0216140301975436	PECAM1	clu_20248_-	gencode	0.7335	1	1	ENST00000563924	PECAM1-203	sig_beige
in_trifid	chr17:67992103:67993044:-	beige	0.141794039058733	0.00113000038774908	C17orf58	clu_20306_-	gencode	0.43825	0.7105	0.7105	ENST00000449250,ENST00000580729	C17orf58-202,C17orf58-204	sig_beige
in_trifid	chr17:67992103:67992901:-	white	-0.141794039058733	0.00113000038774908	C17orf58	clu_20306_-	gencode	0.1775	0.2877	0.2877	ENST00000334461	C17orf58-201	sig_white
in_trifid	chr9:91220992:91296021:-	beige	0.141764710036495	6.56480820098259e-07	AUH	clu_9854_-	gencode	0.66435	0.6821	0.6821	ENST00000375731,ENST00000303617	AUH-202,AUH-201	sig_beige
in_trifid	chr9:91294797:91296021:-	white	-0.141764710036495	6.56480820098259e-07	AUH	clu_9854_-	refseq	0.00113333333333333	0.00136666666666667	0.0013	XM_047423529,XM_005252072,XM_011518800	NA,NA,NA	sig_white
in_trifid	chr1:87103589:87104470:+	white	-0.141311439831238	8.87815203151219e-40	HS2ST1	clu_13883_+	gencode	0.9964	1	1	ENST00000370550	HS2ST1-201	sig_white
in_trifid	chr3:194628509:194633079:-	white	-0.141292469282406	0.0256602861429523	TMEM44	clu_4477_-	gencode	0.3101	0.56156	0.5825	ENST00000347147,ENST00000473092,ENST00000392432,ENST00000381975,ENST00000430601	TMEM44-202,TMEM44-211,TMEM44-204,TMEM44-203,TMEM44-207	sig_white
in_trifid	chr3:194628509:194633563:-	beige	0.141292469282405	0.0256602861429523	TMEM44	clu_4477_-	gencode	0.06035	0.1093	0.1093	ENST00000330115,ENST00000419280	TMEM44-201,TMEM44-205	sig_beige
in_trifid	chr1:14946173:14960684:+	white	-0.140565919781393	5.43454828203211e-13	KAZN	clu_13193_+	gencode	0.3995	0.7991	0.7991	ENST00000400797	KAZN-204	sig_white
in_trifid	chr7:73596479:73596639:-	beige	0.14055899954377	6.58091731650461e-05	MLXIPL	clu_35758_-	gencode	0.3104	0.40356	0.233	ENST00000313375,ENST00000414749,ENST00000429400,ENST00000354613,ENST00000434326	MLXIPL-201,MLXIPL-204,MLXIPL-205,MLXIPL-203,MLXIPL-206	sig_beige
in_trifid	chr1:149833114:149834135:+	beige	0.140300195286155	1.8532014719989e-07	HIST2H4A	clu_14246_+	gencode	0.7232	0.9811	0.9811	ENST00000614272	HIST2H4A-203	sig_beige
in_trifid	chr10:110226283:110228189:+	beige	0.140196489888668	8.83229792058822e-09	MXI1	clu_30026_+	gencode	0.323066666666667	0.3514	0.0534	ENST00000239007,ENST00000393134,ENST00000460667	MXI1-201,MXI1-205,MXI1-208	sig_beige
in_trifid	chr2:72179461:72184075:-	white	-0.140026186303893	9.35755655917632e-08	EXOC6B	clu_12026_-	gencode	0.9805	1	1	ENST00000272427	EXOC6B-201	sig_white
in_trifid	chrX:135347472:135349110:+	beige	0.139925565430573	0.0157091908779417	ZNF449	clu_15599_+	gencode	0.9719	1	1	ENST00000339249	ZNF449-201	sig_beige
in_trifid	chr11:8717892:8726073:-	white	-0.139862639226817	1.73520476658632e-12	ST5	clu_1234_-	gencode	0.113686666666667	0.12441	0	ENST00000313726,ENST00000534127,ENST00000526757,ENST00000530438,ENST00000626808,ENST00000532734,ENST00000532734,ENST00000526057,ENST00000526057,ENST00000526057,ENST00000527510,ENST00000527510,ENST00000527510,ENST00000528196,ENST00000528196,ENST00000528196,ENST00000528527,ENST00000528527,ENST00000528527,ENST00000528527,ENST00000530580,ENST00000530580,ENST00000530580,ENST00000530593,ENST00000530593,ENST00000530593,ENST00000531093,ENST00000531093,ENST00000533225,ENST00000533225	ST5-201,ST5-256,ST5-213,ST5-230,ST5-261,ST5-245,ST5-245,ST5-205,ST5-205,ST5-205,ST5-219,ST5-219,ST5-219,ST5-224,ST5-224,ST5-224,ST5-227,ST5-227,ST5-227,ST5-227,ST5-232,ST5-232,ST5-232,ST5-233,ST5-233,ST5-233,ST5-239,ST5-239,ST5-251,ST5-251	sig_white
in_trifid	chr16:75243090:75265825:-	white	-0.139859033415238	0.00152770980839132	BCAR1	clu_24789_-	gencode	0.8504	0.9325	0.9325	ENST00000538440	BCAR1-207	sig_white
in_trifid	chr2:62706052:62706897:+	white	-0.139574425272068	1.6755015930419e-36	EHBP1	clu_31283_+	gencode	0.90445	0.95785	0.95785	ENST00000263991,ENST00000431489	EHBP1-201,EHBP1-209	sig_white
in_trifid	chr19:37691618:37692152:-	white	-0.139029706590955	2.31472580648404e-11	ZNF781,ZFP30	clu_7665_-	gencode	0.1976	0.391733333333333	0.5112	ENST00000358582,ENST00000590008,ENST00000587199	ZNF781-201,ZNF781-203,ZFP30-205	sig_white
in_trifid	chr4:76256523:76263704:+	beige	0.138746236004708	3.26802602125809e-15	FAM47E-STBD1,FAM47E	clu_39783_+	gencode	0.216533333333333	0.4331	0.4393	ENST00000424749,ENST00000515604,ENST00000606246	FAM47E-201,FAM47E-STBD1-204,FAM47E-208	sig_beige
in_trifid	chr4:15541014:15550824:+	white	-0.138183826322789	0.00154802654859796	CC2D2A	clu_39572_+	gencode	0.36785	0.444466666666667	0.3114	ENST00000503292,ENST00000424120,ENST00000506643,ENST00000389652,ENST00000634028,ENST00000650860	CC2D2A-204,CC2D2A-202,CC2D2A-206,CC2D2A-201,CC2D2A-217,CC2D2A-218	sig_white
in_trifid	chr19:15244762:15254152:-	white	-0.138111177827773	5.5609235876065e-05	BRD4	clu_7440_-	gencode	0.8162	1	1	ENST00000263377	BRD4-201	sig_white
in_trifid	chr19:15249290:15254152:-	beige	0.138111177827773	5.5609235876065e-05	BRD4	clu_7440_-	gencode	0.2489	0.305	0.305	ENST00000371835	BRD4-203	sig_beige
in_trifid	chr8:101719648:101915809:-	white	-0.137850884961864	1.91678259823064e-61	NCALD	clu_8894_-	gencode	0.163525	0.164208333333333	0	ENST00000521599,ENST00000395923,ENST00000518727,ENST00000517531,ENST00000518166,ENST00000518166,ENST00000518166,ENST00000520425,ENST00000520690,ENST00000522206,ENST00000522206,ENST00000522206	NCALD-217,NCALD-203,NCALD-209,NCALD-204,NCALD-207,NCALD-207,NCALD-207,NCALD-214,NCALD-215,NCALD-221,NCALD-221,NCALD-221	sig_white
in_trifid	chr10:46016694:46030526:-	white	-0.137820044535971	2.49722736379089e-45	NCOA4	clu_37630_-	gencode	0.3069	0.6139	0.6139	ENST00000581486	NCOA4-204	sig_white
in_trifid	chr6:75908627:75911672:+	beige	0.13754922486616	4.46379034989586e-18	MYO6	clu_23614_+	gencode	0.73394	0.77696	0.8233	ENST00000615563,ENST00000369985,ENST00000369977,ENST00000664640,ENST00000369981	MYO6-207,MYO6-204,MYO6-202,MYO6-216,MYO6-203	sig_beige
in_trifid	chr3:136930594:136945583:+	white	-0.137477516510603	0.000244886260047394	NCK1	clu_18910_+	gencode	0.193766666666667	0.194133333333333	0	ENST00000469404,ENST00000467911,ENST00000467911	NCK1-204,NCK1-203,NCK1-203	sig_white
in_trifid	chr3:136928227:136945583:+	beige	0.137477516510603	0.000244886260047394	NCK1	clu_18910_+	gencode	0.180536363636364	0.180881818181818	0	ENST00000288986,ENST00000481752,ENST00000485096,ENST00000485096,ENST00000488930,ENST00000488930,ENST00000488930,ENST00000491539,ENST00000491539,ENST00000496489,ENST00000496489	NCK1-201,NCK1-207,NCK1-209,NCK1-209,NCK1-210,NCK1-210,NCK1-210,NCK1-211,NCK1-211,NCK1-212,NCK1-212	sig_beige
in_trifid	chr1:161226136:161226355:+	white	-0.137398809794272	0.0412242543486592	TOMM40L	clu_14511_+	gencode	0.49885	0.53065	0.53065	ENST00000367988,ENST00000545897	TOMM40L-202,TOMM40L-209	sig_white
in_trifid	chr2:97086198:97090109:-	white	-0.137117945741933	7.4156440494974e-05	FAHD2B	clu_12209_-	gencode	0.8973	0.9864	0.9864	ENST00000272610,ENST00000414820	FAHD2B-201,FAHD2B-202	sig_white
in_trifid	chr15:32453822:32461655:-	white	-0.136702879253511	0.00543095051534118	GOLGA8O	clu_2234_-	refseq	0.0101	0.0203	0.0203	XM_024450042	NA	sig_white
in_trifid	chrX:19645475:19670862:-	white	-0.136678830748474	1.23569886982429e-15	SH3KBP1	clu_85_-	gencode	0.433	0.4527	0.4527	ENST00000379716	SH3KBP1-203	sig_white
in_trifid	chr3:51943046:51943349:+	white	-0.136549593615729	4.6591081896772e-20	PARP3	clu_18550_+	gencode	0.6672	0.9049	0.9049	ENST00000417220	PARP3-202	sig_white
in_trifid	chr17:17724159:17792933:+	white	-0.136298506920843	0.0100101217140638	RAI1	clu_34427_+	gencode	0.3454	0.5	0.5	ENST00000353383,ENST00000471135	RAI1-201,RAI1-203	sig_white
in_trifid	chr11:65381969:65382486:-	beige	0.136067188312682	1.64159576620943e-14	SLC25A45	clu_1647_-	gencode	0.128371428571429	0.1384	0	ENST00000398802,ENST00000530936,ENST00000533629,ENST00000524438,ENST00000526898,ENST00000526898,ENST00000529962	SLC25A45-202,SLC25A45-211,SLC25A45-213,SLC25A45-203,SLC25A45-207,SLC25A45-207,SLC25A45-210	sig_beige
in_trifid	chr11:36376704:36393846:+	white	-0.135800303934598	1.43239427363627e-14	PRR5L	clu_38490_+	gencode	0.0216	0.0269	0.0269	ENST00000526682,ENST00000524380	PRR5L-206,PRR5L-203	sig_white
in_trifid	chr14:23143204:23154259:-	white	-0.135665935549546	5.47046731627239e-12	SLC7A8	clu_16295_-	gencode	0.175075	0.186525	0.14305	ENST00000453702,ENST00000422941,ENST00000528860,ENST00000528860	SLC7A8-205,SLC7A8-204,SLC7A8-211,SLC7A8-211	sig_white
in_trifid	chr11:35211449:35214852:+	beige	0.135535775416067	2.12231776361399e-69	CD44	clu_38484_+	gencode	0.3118	0.461516666666667	0.4826	ENST00000428726,ENST00000415148,ENST00000433892,ENST00000434472,ENST00000526000,ENST00000639002	CD44-208,CD44-206,CD44-209,CD44-210,CD44-221,CD44-239	sig_beige
in_trifid	chr17:1495879:1496060:-	white	-0.13539982664579	1.3535498067596e-18	INPP5K	clu_19289_-	gencode	0.1561	0.23724	0.0931	ENST00000421807,ENST00000320345,ENST00000406424,ENST00000350761,ENST00000350761	INPP5K-204,INPP5K-201,INPP5K-203,INPP5K-202,INPP5K-202	sig_white
in_trifid	chr11:107815965:107858658:-	beige	0.135240991425121	0.0214621879228306	SLC35F2	clu_1992_-	gencode	0.294166666666667	0.3417	0.0216	ENST00000525815,ENST00000525071,ENST00000532513	SLC35F2-204,SLC35F2-203,SLC35F2-205	sig_beige
in_trifid	chr15:99251541:99255898:+	white	-0.135126569176465	2.72086095368522e-14	LRRC28	clu_30897_+	gencode	0.0575681818181818	0.0575681818181818	0	ENST00000301981,ENST00000447360,ENST00000558172,ENST00000558172,ENST00000558172,ENST00000558471,ENST00000558471,ENST00000558471,ENST00000558879,ENST00000559433,ENST00000559433,ENST00000559433,ENST00000559433,ENST00000559433,ENST00000561253,ENST00000561253,ENST00000561253,ENST00000561276,ENST00000561276,ENST00000561276,ENST00000561276,ENST00000561276	LRRC28-201,LRRC28-203,LRRC28-204,LRRC28-204,LRRC28-204,LRRC28-206,LRRC28-206,LRRC28-206,LRRC28-210,LRRC28-214,LRRC28-214,LRRC28-214,LRRC28-214,LRRC28-214,LRRC28-220,LRRC28-220,LRRC28-220,LRRC28-221,LRRC28-221,LRRC28-221,LRRC28-221,LRRC28-221	sig_white
in_trifid	chr19:12995864:13025021:+	beige	0.134897727095666	2.47570975222436e-09	NFIX	clu_26413_+	gencode	0.6928	0.93695	0.93695	ENST00000592199,ENST00000397661	NFIX-214,NFIX-203	sig_beige
in_trifid	chr19:56462429:56477272:-	white	-0.134844204456419	0.0410384392880367	ZNF667	clu_8082_-	gencode	0.4617	0.5004	0.5004	ENST00000292069,ENST00000592189	ZNF667-201,ZNF667-207	sig_white
in_trifid	chr1:246355094:246507054:-	beige	0.134503737876702	7.86919976685699e-06	SMYD3	clu_29334_-	gencode	0.49275	0.50125	0.50125	ENST00000490107,ENST00000403792	SMYD3-214,SMYD3-204	sig_beige
in_trifid	chr19:13024034:13025021:+	white	-0.134194999883591	2.47570975222436e-09	NFIX	clu_26413_+	gencode	0.41505	0.5613	0.5613	ENST00000585575,ENST00000587760	NFIX-205,NFIX-209	sig_white
in_trifid	chr2:64988620:65001448:+	beige	0.134177717993356	0.000181327775988487	SLC1A4	clu_31302_+	gencode	0.0354	0.038	0.038	ENST00000531327	SLC1A4-205	sig_beige
in_trifid	chr22:27990007:27992587:-	white	-0.134053935602753	0.0029379122322416	TTC28	clu_727_-	gencode	0.0029	0.0033	0.0033	ENST00000431039	TTC28-202	sig_white
in_trifid	chr2:148483436:148485742:+	beige	0.13383833773419	0.00357787490589776	MBD5	clu_31792_+	gencode	0.09578	0.19164	0.2361	ENST00000642680,ENST00000638043,ENST00000407073,ENST00000629878,ENST00000628572	MBD5-234,MBD5-231,MBD5-202,MBD5-214,MBD5-213	sig_beige
in_trifid	chr2:148484135:148485742:+	white	-0.13383833773419	0.00357787490589776	MBD5	clu_31792_+	gencode	0.0094	0.0189	0.0189	ENST00000416015	MBD5-203	sig_white
in_trifid	chr13:41254620:41260493:-	beige	0.13364464636082	3.09029387893078e-07	MTRF1	clu_17869_-	gencode	0.37704	0.3918	0	ENST00000379480,ENST00000379477,ENST00000452359,ENST00000452359,ENST00000480434	MTRF1-203,MTRF1-202,MTRF1-205,MTRF1-205,MTRF1-207	sig_beige
in_trifid	chr11:75490320:75525210:-	white	-0.133625815854967	0.00055430651194838	GDPD5	clu_1824_-	gencode	0.48705	0.5004	0.5004	ENST00000336898,ENST00000532435	GDPD5-201,GDPD5-213	sig_white
in_trifid	chr2:27929908:27987993:+	beige	0.133460806786669	7.58334286974667e-11	BABAM2,MRPL33	clu_31057_+	gencode	0.315266666666667	0.381588888888889	0.3989	ENST00000342045,ENST00000379624,ENST00000344773,ENST00000361704,ENST00000379632,ENST00000448427,ENST00000379629,ENST00000436924,ENST00000604932	BABAM2-201,BABAM2-204,BABAM2-202,BABAM2-203,BABAM2-206,MRPL33-203,BABAM2-205,BABAM2-207,BABAM2-211	sig_beige
in_trifid	chr6:75911698:75914063:+	beige	0.132865026280757	4.46379034989586e-18	MYO6	clu_23614_+	gencode	0.73394	0.77696	0.8233	ENST00000615563,ENST00000369985,ENST00000369977,ENST00000664640,ENST00000369981	MYO6-207,MYO6-204,MYO6-202,MYO6-216,MYO6-203	sig_beige
in_trifid	chr19:55103568:55112467:-	beige	0.132797104293114	0.00147127583679255	PPP1R12C	clu_8048_-	gencode	0.296066666666667	0.388633333333333	0.1446	ENST00000263433,ENST00000592993,ENST00000435544	PPP1R12C-201,PPP1R12C-209,PPP1R12C-202	sig_beige
in_trifid	chrX:155299145:155334371:-	white	-0.132626710561953	1.99849122113699e-11	CLIC2	clu_565_-	gencode	0.49405	0.5001	0.5001	ENST00000369449,ENST00000321926	CLIC2-202,CLIC2-201	sig_white
in_trifid	chr19:2037829:2040134:-	white	-0.132569648060475	0.00193537771503147	MKNK2	clu_7040_-	gencode	0.1708	0.181266666666667	0	ENST00000309340,ENST00000591142,ENST00000591142	MKNK2-202,MKNK2-211,MKNK2-211	sig_white
in_trifid	chrX:109537270:109538045:+	white	-0.132527298103055	3.95515970125376e-06	NXT2	clu_15502_+	gencode	0.1247	0.1536	0.1536	ENST00000372103	NXT2-202	sig_white
in_trifid	chr2:53768021:53771907:+	white	-0.132229186316556	0.00010030990108371	CHAC2	clu_31226_+	gencode	0.9867	1	1	ENST00000295304	CHAC2-201	sig_white
in_trifid	chr17:15260761:15262429:-	white	-0.132017562164165	2.49902889658141e-30	PMP22	clu_19554_-	gencode	0.0475	0.069475	0.03175	ENST00000395938,ENST00000395936,ENST00000426385,ENST00000643451	PMP22-203,PMP22-202,PMP22-204,PMP22-210	sig_white
in_trifid	chr6:35018059:35054099:+	white	-0.131760855658049	2.29957217548264e-07	ANKS1A	clu_23325_+	gencode	0.46765	0.9056	0.9056	ENST00000360359,ENST00000649117	ANKS1A-201,ANKS1A-203	sig_white
in_trifid	chr17:47181637:47189146:-	white	-0.13172064326087	0.00134608248969182	CDC27	clu_20067_-	gencode	0.254990909090909	0.258963636363636	0	ENST00000066544,ENST00000527547,ENST00000531206,ENST00000526866,ENST00000532893,ENST00000532893,ENST00000533415,ENST00000533415,ENST00000533415,ENST00000575483,ENST00000575483	CDC27-201,CDC27-204,CDC27-207,CDC27-203,CDC27-209,CDC27-209,CDC27-210,CDC27-210,CDC27-210,CDC27-217,CDC27-217	sig_white
in_trifid	chr4:159241368:159304342:+	white	-0.131528915415431	8.87794137074662e-10	RAPGEF2	clu_40123_+	gencode	0.2587	0.38305	0.38305	ENST00000644474,ENST00000644902	RAPGEF2-214,RAPGEF2-215	sig_white
in_trifid	chr1:14924572:14960684:+	beige	0.131424810830046	5.43454828203211e-13	KAZN	clu_13193_+	gencode	0.387	0.774	0.774	ENST00000361144	KAZN-201	sig_beige
in_trifid	chr15:40441268:40458451:+	white	-0.131211528637225	0.00911726911658838	BAHD1	clu_30321_+	gencode	0.8535	1	1	ENST00000416165	BAHD1-201	sig_white
in_trifid	chr15:40439965:40458451:+	beige	0.131211528637225	0.00911726911658838	BAHD1	clu_30321_+	gencode	0.8396	0.9838	0.9838	ENST00000561234	BAHD1-203	sig_beige
in_trifid	chr1:23799436:23800712:-	white	-0.130309144033514	1.98633703037682e-07	GALE	clu_27686_-	gencode	0.49845	0.50045	0.50045	ENST00000617979,ENST00000418277	GALE-216,GALE-202	sig_white
in_trifid	chr10:110208082:110228189:+	white	-0.130166376115784	8.83229792058822e-09	MXI1	clu_30026_+	gencode	0.39345	0.4279	0.4279	ENST00000332674,ENST00000453116	MXI1-202,MXI1-207	sig_white
in_trifid	chr17:28725563:28726756:-	beige	0.129764036588393	0.00250035418088457	TLCD1	clu_19704_-	gencode	0.1048	0.114	0.114	ENST00000394933	TLCD1-202	sig_beige
in_trifid	chrX:109537021:109538045:+	beige	0.129721089608393	3.95515970125376e-06	NXT2	clu_15502_+	gencode	0.482966666666667	0.595033333333333	0.7033	ENST00000372106,ENST00000218004,ENST00000372107	NXT2-203,NXT2-201,NXT2-204	sig_beige
in_trifid	chr13:44436095:44573163:-	white	-0.129526712449086	3.86512090397483e-27	TSC22D1	clu_17891_-	gencode	0.721	0.9052	0.9052	ENST00000458659	TSC22D1-203	sig_white
in_trifid	chr12:26195951:26224293:+	white	-0.129500006897916	0.0194515697171028	SSPN	clu_10638_+	gencode	0.32245	0.50455	0.50455	ENST00000242729,ENST00000535504	SSPN-201,SSPN-204	sig_white
in_trifid	chr16:67252844:67255021:+	white	-0.129349246389474	6.24534433815241e-13	SLC9A5	clu_5308_+	gencode	0.3821	0.50225	0.50225	ENST00000299798,ENST00000566626	SLC9A5-201,SLC9A5-207	sig_white
in_trifid	chr1:23799436:23800387:-	beige	0.129328849947398	1.98633703037682e-07	GALE	clu_27686_-	gencode	0.996	1	1	ENST00000374497	GALE-201	sig_beige
in_trifid	chr1:201889067:201889445:+	white	-0.129317518860815	0.000329724608270765	SHISA4	clu_14776_+	gencode	0.7127	1	1	ENST00000362011	SHISA4-201	sig_white
in_trifid	chr11:36451335:36462342:+	beige	0.129273597558545	0.0373169595235932	PRR5L	clu_38492_+	gencode	0.79125	0.9871	0.9871	ENST00000378867,ENST00000530639	PRR5L-201,PRR5L-216	sig_beige
in_trifid	chr19:2046691:2050801:-	white	-0.12880328964113	0.00330072673773147	MKNK2	clu_7044_-	gencode	0.2078	0.220542857142857	0	ENST00000250896,ENST00000309340,ENST00000586828,ENST00000586828,ENST00000586828,ENST00000589509,ENST00000589534	MKNK2-201,MKNK2-202,MKNK2-205,MKNK2-205,MKNK2-205,MKNK2-209,MKNK2-210	sig_white
in_trifid	chr11:75490320:75506653:-	beige	0.128312340406369	0.00055430651194838	GDPD5	clu_1824_-	refseq	0.74245	0.7613	0.7613	XM_011545277,XM_047427646,XM_047427649,XM_047427648	NA,NA,NA,NA	sig_beige
in_trifid	chr9:113591397:113594430:+	beige	0.128185090417802	4.30757467088315e-11	RGS3	clu_17337_+	gencode	0.148771428571429	0.297528571428571	0.1619	ENST00000374140,ENST00000350696,ENST00000343817,ENST00000374134,ENST00000462143,ENST00000394646,ENST00000467805	RGS3-207,RGS3-204,RGS3-203,RGS3-205,RGS3-210,RGS3-208,RGS3-216	sig_beige
in_trifid	chr9:113594338:113594430:+	white	-0.128185090417802	4.30757467088315e-11	RGS3	clu_17337_+	gencode	0.135633333333333	0.271266666666667	0.1846	ENST00000620489,ENST00000462403,ENST00000613049	RGS3-232,RGS3-211,RGS3-231	sig_white
in_trifid	chr4:82829058:82844386:-	white	-0.127965497929792	1.30132563953526e-25	SEC31A	clu_36665_-	gencode	0.45954	0.53034	0.4958	ENST00000311785,ENST00000509142,ENST00000513858,ENST00000500777,ENST00000511338	SEC31A-202,SEC31A-228,SEC31A-237,SEC31A-209,SEC31A-232	sig_white
in_trifid	chr19:29708423:29714907:-	white	-0.127495961278571	1.95275297866423e-60	C19orf12	clu_7568_-	gencode	0.3226	0.4473	0.4473	ENST00000392278	C19orf12-205	sig_white
in_trifid	chr16:69329179:69329997:-	beige	0.127405291277311	0.000676841398084797	PDF	clu_24671_-	gencode	0.7076	1	1	ENST00000288022	PDF-201	sig_beige
in_trifid	chr4:128011700:128017363:+	beige	0.127248271047884	0.000370460125954126	ABHD18	clu_40017_+	gencode	0.22402	0.24036	0.0596	ENST00000645843,ENST00000398965,ENST00000444616,ENST00000388795,ENST00000611882	ABHD18-207,ABHD18-202,ABHD18-203,ABHD18-201,ABHD18-206	sig_beige
in_trifid	chr22:41387668:41394096:+	white	-0.12680256013997	2.85440151746326e-07	TEF	clu_16094_+	gencode	0.446833333333333	0.4496	0.3488	ENST00000266304,ENST00000406644,ENST00000413942	TEF-201,TEF-202,TEF-203	sig_white
in_trifid	chr9:127803062:127804285:+	beige	0.126730351549724	7.39506392201226e-07	FPGS	clu_17460_+	gencode	0.227975	0.37405	0.2011	ENST00000373247,ENST00000393706,ENST00000373228,ENST00000630236	FPGS-203,FPGS-204,FPGS-202,FPGS-221	sig_beige
in_trifid	chr3:187734907:187745410:-	white	-0.126361650242629	1.08151569021131e-13	BCL6	clu_4454_-	gencode	0.5404	0.55295	0.55295	ENST00000406870,ENST00000621333	BCL6-202,BCL6-211	sig_white
in_trifid	chr3:157470529:157487375:-	white	-0.126359165894964	1.98084823854415e-17	VEPH1	clu_4327_-	refseq	0.2982	0.3013	0.3013	XM_047448925	NA	sig_white
in_trifid	chr16:31064481:31064800:-	white	-0.126015729727668	2.01057812724349e-08	ZNF668	clu_24479_-	gencode	0.4306	0.4685	0.4685	ENST00000535577,ENST00000442862	ZNF668-207,ZNF668-206	sig_white
in_trifid	chr2:144235737:144332439:-	white	-0.125936214932689	2.92846618167269e-21	GTDC1	clu_12446_-	gencode	0.1345	0.21985	0.06095	ENST00000542155,ENST00000463875,ENST00000429978,ENST00000429978	GTDC1-219,GTDC1-212,GTDC1-210,GTDC1-210	sig_white
in_trifid	chr19:18939049:18941193:-	beige	0.125290360827448	6.77786275217701e-06	HOMER3	clu_7509_-	gencode	0.0269	0.0274	0.0274	ENST00000596482	HOMER3-209	sig_beige
in_trifid	chr1:6614105:6616757:+	white	-0.125218700889722	0.010820094361199	PHF13	clu_13073_+	gencode	0.9766	1	1	ENST00000377648	PHF13-201	sig_white
in_trifid	chr1:248913879:248916602:+	white	-0.125200713090639	5.10772985430165e-06	PGBD2	clu_15093_+	gencode	0.6273	1	1	ENST00000329291	PGBD2-201	sig_white
in_trifid	chr12:26195531:26224293:+	beige	0.125047492387874	0.0194515697171028	SSPN	clu_10638_+	gencode	0.3523	0.5512	0.5512	ENST00000422622	SSPN-202	sig_beige
in_trifid	chr19:2046468:2046604:-	beige	0.124961909097971	0.00330072673773147	MKNK2	clu_7044_-	gencode	0.29092	0.30876	0	ENST00000250896,ENST00000309340,ENST00000586828,ENST00000586828,ENST00000586828	MKNK2-201,MKNK2-202,MKNK2-205,MKNK2-205,MKNK2-205	sig_beige
in_trifid	chr6:18263996:18264098:-	white	-0.12477887853226	0.00240763252032544	DEK	clu_32587_-	gencode	0.9376	1	1	ENST00000652576	DEK-211	sig_white
in_trifid	chr6:18263996:18264385:-	beige	0.12477887853226	0.00240763252032544	DEK	clu_32587_-	gencode	0.1805875	0.1926125	0.02315	ENST00000652689,ENST00000507591,ENST00000244776,ENST00000505224,ENST00000515742,ENST00000515770,ENST00000651624,ENST00000651624	DEK-212,DEK-204,DEK-201,DEK-203,DEK-206,DEK-207,DEK-208,DEK-208	sig_beige
in_trifid	chr19:47713538:47716558:+	beige	0.124485790740565	0.0459765543804013	EHD2	clu_27013_+	gencode	0.9879	1	1	ENST00000263277	EHD2-201	sig_beige
in_trifid	chr17:8162369:8162878:-	beige	0.124375620515351	2.36088203961474e-07	VAMP2,AC129492.3	clu_19505_-	gencode	0.441333333333333	0.502433333333333	0.3015	ENST00000316509,ENST00000481878,ENST00000498285	VAMP2-201,VAMP2-203,AC129492.3-201	sig_beige
in_trifid	chr8:9141668:9151347:-	beige	0.124374492051477	0.000249951701159079	PPP1R3B	clu_8508_-	gencode	0.6958	0.9578	0.9578	ENST00000519699	PPP1R3B-202	sig_beige
in_trifid	chr5:142614161:142697622:-	beige	0.124354012057393	1.03082643578683e-45	FGF1	clu_6192_-	gencode	0.472	0.475	0.46315	ENST00000621536,ENST00000441680,ENST00000407758,ENST00000407758	FGF1-216,FGF1-209,FGF1-206,FGF1-206	sig_beige
in_trifid	chr11:63764598:63764868:-	beige	0.124324670848416	0.00785687320119057	C11orf95	clu_1587_-	gencode	0.18085	0.36165	0.36165	ENST00000433688,ENST00000445014	C11orf95-202,C11orf95-203	sig_beige
in_trifid	chr10:24466790:24473228:+	white	-0.124320001704542	0.000490190276944195	KIAA1217	clu_29483_+	gencode	0.149066666666667	0.298133333333333	0.2591	ENST00000396446,ENST00000376451,ENST00000396445	KIAA1217-208,KIAA1217-202,KIAA1217-207	sig_white
in_trifid	chr1:230912758:230916193:-	white	-0.124258649428419	0.00996851254780308	TTC13	clu_29244_-	gencode	0.7686	0.94455	0.94455	ENST00000366661,ENST00000366662	TTC13-201,TTC13-202	sig_white
in_trifid	chr5:79983794:79986950:-	white	-0.124044373399349	1.00048914002077e-07	MTX3	clu_5892_-	gencode	0.6781	0.712	0.712	ENST00000509852	MTX3-201	sig_white
in_trifid	chr16:87315823:87317087:-	beige	0.123950365574276	1.34020469395854e-09	C16orf95	clu_24858_-	gencode	0.045	0.0899	0.0899	ENST00000618367	C16orf95-206	sig_beige
in_trifid	chr2:102737013:102762587:+	white	-0.12363886340957	1.15895993429085e-10	TMEM182	clu_31585_+	gencode	0.0383333333333333	0.0410333333333333	0.0214	ENST00000409528,ENST00000488134,ENST00000639249	TMEM182-202,TMEM182-209,TMEM182-210	sig_white
in_trifid	chr4:38049898:38054199:+	white	-0.123189981031314	1.26842894080713e-13	TBC1D1	clu_39642_+	gencode	0.12905	0.167333333333333	0	ENST00000261439,ENST00000446803,ENST00000421339,ENST00000421339,ENST00000513936,ENST00000513936	TBC1D1-201,TBC1D1-209,TBC1D1-207,TBC1D1-207,TBC1D1-218,TBC1D1-218	sig_white
in_trifid	chr10:29524715:29529705:-	white	-0.122484924221136	8.24537196255116e-20	SVIL	clu_37534_-	gencode	0.5667	0.73205	0.73205	ENST00000375400,ENST00000375398	SVIL-203,SVIL-202	sig_white
in_trifid	chr19:49809258:49809378:-	beige	0.122453779563931	0.029145979525478	FUZ	clu_7937_-	gencode	0.229233333333333	0.263283333333333	0.07295	ENST00000313777,ENST00000533418,ENST00000528094,ENST00000377092,ENST00000525130,ENST00000525370	FUZ-201,FUZ-216,FUZ-212,FUZ-202,FUZ-203,FUZ-204	sig_beige
in_trifid	chr19:49809575:49811363:-	white	-0.122453779563931	0.029145979525478	FUZ	clu_7937_-	gencode	0.196957142857143	0.226214285714286	0.0101	ENST00000313777,ENST00000533418,ENST00000528094,ENST00000377092,ENST00000525130,ENST00000525370,ENST00000528043	FUZ-201,FUZ-216,FUZ-212,FUZ-202,FUZ-203,FUZ-204,FUZ-211	sig_white
in_trifid	chr12:121244615:121245140:-	white	-0.122441127290887	7.33355319995899e-17	CAMKK2	clu_25917_-	gencode	0.590811111111111	0.617144444444444	0.5356	ENST00000324774,ENST00000402834,ENST00000404169,ENST00000652382,ENST00000347034,ENST00000392473,ENST00000392474,ENST00000446440,ENST00000545538	CAMKK2-201,CAMKK2-206,CAMKK2-207,CAMKK2-217,CAMKK2-203,CAMKK2-204,CAMKK2-205,CAMKK2-209,CAMKK2-216	sig_white
in_trifid	chr3:140963227:140970927:+	beige	0.122432364616631	3.36556704655756e-09	SLC25A36	clu_18937_+	gencode	0.38572	0.3858	0.0406	ENST00000324194,ENST00000446041,ENST00000453248,ENST00000513887,ENST00000513887	SLC25A36-201,SLC25A36-203,SLC25A36-204,SLC25A36-212,SLC25A36-212	sig_beige
in_trifid	chr19:57910114:57912060:-	white	-0.122379232986448	0.0010608994507431	ZNF417	clu_8097_-	gencode	0.190283333333333	0.319283333333333	6e-04	ENST00000595559,ENST00000312026,ENST00000597515,ENST00000598526,ENST00000598629,ENST00000599251	ZNF417-203,ZNF417-201,ZNF417-204,ZNF417-205,ZNF417-206,ZNF417-207	sig_white
in_trifid	chr10:119811955:119820846:+	beige	0.122313162895081	5.03818062067916e-05	INPP5F	clu_30075_+	gencode	0.0679047619047619	0.0732047619047619	0	ENST00000650623,ENST00000647699,ENST00000649454,ENST00000648262,ENST00000649251,ENST00000649957,ENST00000649297,ENST00000649742,ENST00000647933,ENST00000648515,ENST00000648515,ENST00000648515,ENST00000648621,ENST00000648621,ENST00000648621,ENST00000648661,ENST00000648661,ENST00000648661,ENST00000650305,ENST00000650305,ENST00000650305	INPP5F-221,INPP5F-207,INPP5F-216,INPP5F-210,INPP5F-214,INPP5F-218,INPP5F-215,INPP5F-217,INPP5F-208,INPP5F-211,INPP5F-211,INPP5F-211,INPP5F-212,INPP5F-212,INPP5F-212,INPP5F-213,INPP5F-213,INPP5F-213,INPP5F-219,INPP5F-219,INPP5F-219	sig_beige
in_trifid	chr15:85585823:85639374:+	beige	0.121971899991328	5.27062262685899e-05	AKAP13	clu_30783_+	gencode	0.21018	0.33384	0.0527	ENST00000394518,ENST00000361243,ENST00000559362,ENST00000560340,ENST00000560340	AKAP13-203,AKAP13-201,AKAP13-211,AKAP13-218,AKAP13-218	sig_beige
in_trifid	chr2:62979335:62990716:+	beige	0.121968341419708	2.06882297003279e-21	EHBP1	clu_31289_+	gencode	0.82795	0.8768	0.8768	ENST00000431489,ENST00000405015	EHBP1-209,EHBP1-202	sig_beige
in_trifid	chr6:169430712:169433323:-	beige	0.12184791160686	0.00897505150526562	AL031315.1	clu_33477_-	gencode	0.07975	0.1595	0.1595	ENST00000648086,ENST00000649579	AL031315.1-201,AL031315.1-203	sig_beige
in_trifid	chr11:10455448:10461515:+	white	-0.121843674551848	0.00174225534756611	AMPD3	clu_38363_+	gencode	0.314733333333333	0.323933333333333	0.0065	ENST00000396553,ENST00000529834,ENST00000524866	AMPD3-202,AMPD3-211,AMPD3-205	sig_white
in_trifid	chr1:113758733:113759772:-	beige	0.121806733797101	0.00139990560704265	PHTF1	clu_28418_-	refseq	0.9619	1	1	NM_001323042	NA	sig_beige
in_trifid	chr8:119593860:119600678:-	beige	0.121388871426204	2.21413095988593e-17	ENPP2	clu_8953_-	gencode	0.789333333333333	0.8893	0.9241	ENST00000522826,ENST00000075322,ENST00000427067	ENPP2-208,ENPP2-201,ENPP2-203	sig_beige
in_trifid	chr17:17850952:17861476:-	white	-0.121226891476122	9.30504453759111e-11	TOM1L2	clu_19613_-	gencode	0.23826	0.24102	0.0773	ENST00000379504,ENST00000318094,ENST00000395739,ENST00000581396,ENST00000478943	TOM1L2-202,TOM1L2-201,TOM1L2-203,TOM1L2-214,TOM1L2-205	sig_white
in_trifid	chr19:3061257:3062174:-	white	-0.120921934652303	0.000156773672655658	TLE5	clu_7080_-	gencode	0.224875	0.25	0	ENST00000327141,ENST00000585557,ENST00000585557,ENST00000585557	TLE5-202,TLE5-203,TLE5-203,TLE5-203	sig_white
in_trifid	chr12:32534498:32564137:+	white	-0.120641080651753	1.03118679012419e-06	FGD4	clu_10690_+	gencode	0.7167	0.9034	0.9034	ENST00000525053	FGD4-210	sig_white
in_trifid	chr1:161750145:161751668:+	white	-0.120497043198133	1.29167513394381e-27	DUSP12	clu_14521_+	gencode	0.7361	1	1	ENST00000367943	DUSP12-201	sig_white
in_trifid	chr7:81997235:82005423:-	beige	0.120383005226403	0.000527481404765104	CACNA2D1	clu_35828_-	refseq	0.53125	0.559075	0.56765	XM_005250572,XM_005250574,XM_047420820,XM_047420822	NA,NA,NA,NA	sig_beige
in_trifid	chr11:36446440:36451209:+	white	-0.120311403401865	0.0373169595235932	PRR5L	clu_38492_+	gencode	0.79125	0.9871	0.9871	ENST00000378867,ENST00000530639	PRR5L-201,PRR5L-216	sig_white
in_trifid	chr17:29568548:29569018:+	beige	0.120140707073972	2.47916987674473e-09	TP53I13	clu_34539_+	gencode	0.0101666666666667	0.0203	0.0206	ENST00000582829,ENST00000583940,ENST00000577934	TP53I13-210,TP53I13-211,TP53I13-203	sig_beige
in_trifid	chr10:110006151:110100625:+	white	-0.120073947059371	5.05810678940248e-51	ADD3	clu_30022_+	gencode	0.9244	0.9308	0.9308	ENST00000360162	ADD3-203	sig_white
in_trifid	chr19:3061257:3062700:-	beige	0.120058598071739	0.000156773672655658	TLE5	clu_7080_-	gencode	0.223	0.2479	0.2479	ENST00000221561,ENST00000586742	TLE5-201,TLE5-206	sig_beige
in_trifid	chr12:116911355:116928023:+	white	-0.120043825355469	0.0418442170526186	FBXW8	clu_11348_+	gencode	0.9498	1	1	ENST00000652555	FBXW8-204	sig_white
in_trifid	chr6:136038528:136108731:+	white	-0.119833086099561	0.00813774599638395	PDE7B	clu_23820_+	gencode	0.7918	1	1	ENST00000615259	PDE7B-203	sig_white
in_trifid	chr6:135947524:136108731:+	beige	0.119833086099561	0.00813774599638395	PDE7B	clu_23820_+	gencode	0.7427	0.938	0.938	ENST00000308191	PDE7B-201	sig_beige
in_trifid	chr19:2039856:2040134:-	beige	0.119721333430886	0.00193537771503147	MKNK2	clu_7040_-	gencode	0.1886	0.20018	0	ENST00000250896,ENST00000589441,ENST00000586828,ENST00000586828,ENST00000586828	MKNK2-201,MKNK2-208,MKNK2-205,MKNK2-205,MKNK2-205	sig_beige
in_trifid	chr19:45713573:45717265:-	beige	0.119635197265838	1.39558761170087e-08	FBXO46	clu_7827_-	refseq	0.287	0.5739	0.5739	XM_047438539	NA	sig_beige
in_trifid	chr10:119819539:119820846:+	white	-0.119421159116006	5.03818062067916e-05	INPP5F	clu_30075_+	gencode	0.02165	0.023375	0.00015	ENST00000650409,ENST00000637174,ENST00000631485,ENST00000631572	INPP5F-220,INPP5F-206,INPP5F-203,INPP5F-205	sig_white
in_trifid	chr1:113758733:113759023:-	white	-0.119396865876198	0.00139990560704265	PHTF1	clu_28418_-	gencode	0.529233333333333	0.5788	0.5697	ENST00000369604,ENST00000369598,ENST00000369600	PHTF1-204,PHTF1-202,PHTF1-203	sig_white
in_trifid	chr3:33592496:33602952:-	white	-0.119166074144674	9.60257897135013e-06	CLASP2	clu_3423_-	refseq	0.479536842105263	0.613889473684211	0.8073	XM_047447760,XM_047447758,XM_047447759,XM_047447761,NM_001365633,NM_001365634,NM_001375703,XM_017005960,NM_001365630,XM_011533515,NM_001400406,XM_047447763,NM_001400436,NM_001375713,XM_047447764,NM_001400433,NM_001375705,XM_017005949,NM_001400437	NA,NA,NA,NA,NA,NA,NA,NA,NA,NA,NA,NA,NA,NA,NA,NA,NA,NA,NA	sig_white
in_trifid	chr17:34959650:34961257:-	beige	0.118918803680351	0.00049905110771568	CCT6B	clu_19766_-	gencode	0.367266666666667	0.368266666666667	0.0807	ENST00000314144,ENST00000421975,ENST00000436961	CCT6B-201,CCT6B-202,CCT6B-203	sig_beige
in_trifid	chr11:112016796:112017777:+	white	-0.118849465368142	4.20740473920874e-19	DIXDC1	clu_39188_+	gencode	0.7654	0.7949	0.7949	ENST00000440460,ENST00000615255	DIXDC1-201,DIXDC1-208	sig_white
in_trifid	chr8:9141668:9150563:-	white	-0.118806757551488	0.000249951701159079	PPP1R3B	clu_8508_-	gencode	0.7265	1	1	ENST00000310455	PPP1R3B-201	sig_white
in_trifid	chr11:35190065:35214852:+	white	-0.118756364084207	2.12231776361399e-69	CD44	clu_38484_+	gencode	0.136466666666667	0.202	0.1071	ENST00000263398,ENST00000442151,ENST00000425428	CD44-201,CD44-211,CD44-207	sig_white
in_trifid	chr1:89633322:89686470:+	white	-0.118332127134644	1.08690665130918e-22	LRRC8C,AC093423.3	clu_13899_+	gencode	0.4079	0.507566666666667	0.5227	ENST00000370454,ENST00000370453,ENST00000482063	LRRC8C-201,AC093423.3-201,LRRC8C-204	sig_white
in_trifid	chr11:129123530:129124803:-	beige	0.118314547086964	6.7454362743811e-05	ARHGAP32	clu_2136_-	gencode	0.38	0.7266	0.7266	ENST00000310343,ENST00000524655	ARHGAP32-201,ARHGAP32-203	sig_beige
in_trifid	chr10:24438479:24473228:+	beige	0.118223000206011	0.000490190276944195	KIAA1217	clu_29483_+	gencode	0.2209	0.441828571428571	0.4622	ENST00000376454,ENST00000458595,ENST00000376462,ENST00000376452,ENST00000430453,ENST00000438429,ENST00000376456	KIAA1217-204,KIAA1217-211,KIAA1217-206,KIAA1217-203,KIAA1217-209,KIAA1217-210,KIAA1217-205	sig_beige
in_trifid	chr7:128403754:128405767:-	white	-0.11816627790506	4.00603998467593e-31	IMPDH1	clu_36127_-	gencode	0.209983333333333	0.3082	0.09165	ENST00000470772,ENST00000626419,ENST00000348127,ENST00000338791,ENST00000354269,ENST00000480861,ENST00000496200,ENST00000484496,ENST00000469328,ENST00000473463,ENST00000473463,ENST00000473463	IMPDH1-208,IMPDH1-217,IMPDH1-202,IMPDH1-201,IMPDH1-203,IMPDH1-210,IMPDH1-214,IMPDH1-211,IMPDH1-207,IMPDH1-209,IMPDH1-209,IMPDH1-209	sig_white
in_trifid	chr17:7857198:7857383:-	beige	0.117797475376327	7.31078901859381e-17	NAA38	clu_19494_-	gencode	0.45995	0.62775	0.62775	ENST00000575771,ENST00000575071	NAA38-205,NAA38-203	sig_beige
in_trifid	chr10:67956976:67966683:-	white	-0.117792255532884	3.01962703258556e-10	HERC4	clu_37696_-	gencode	0.1267875	0.1278	0	ENST00000373700,ENST00000427635,ENST00000473533,ENST00000473533,ENST00000473533,ENST00000473533,ENST00000473533,ENST00000473533	HERC4-202,HERC4-206,HERC4-209,HERC4-209,HERC4-209,HERC4-209,HERC4-209,HERC4-209	sig_white
in_trifid	chr15:57219590:57231152:+	white	-0.117694456076081	2.75125533919242e-06	TCF12	clu_30488_+	gencode	0.506233333333333	0.5095	0.6809	ENST00000543579,ENST00000343827,ENST00000537840	TCF12-206,TCF12-203,TCF12-205	sig_white
in_trifid	chr15:57197825:57231152:+	beige	0.11769445607608	2.75125533919242e-06	TCF12	clu_30488_+	gencode	0.79072	0.7958	0.9844	ENST00000333725,ENST00000438423,ENST00000267811,ENST00000557843,ENST00000559609	TCF12-202,TCF12-204,TCF12-201,TCF12-207,TCF12-212	sig_beige
in_trifid	chr12:3713317:3732942:-	white	-0.117373693532915	0.0496816197736793	CRACR2A	clu_24959_-	gencode	0.2899	0.5582	0.5582	ENST00000440314,ENST00000252322	CRACR2A-203,CRACR2A-201	sig_white
in_trifid	chr22:20717778:20718693:-	white	-0.117292526911217	1.30690727501479e-05	PI4KA	clu_653_-	gencode	0.41345	0.5007	0.5007	ENST00000255882,ENST00000399213	PI4KA-201,PI4KA-202	sig_white
in_trifid	chr4:159268215:159304342:+	beige	0.117216227838021	8.87794137074662e-10	RAPGEF2	clu_40123_+	gencode	0.6754	1	1	ENST00000264431	RAPGEF2-201	sig_beige
in_trifid	chr3:141402449:141403927:+	beige	0.117151602244919	1.56953605209338e-13	ZBTB38	clu_18942_+	gencode	0.00485	0.00975	0.00975	ENST00000510338,ENST00000504673	ZBTB38-211,ZBTB38-204	sig_beige
in_trifid	chr7:102396537:102397620:+	beige	0.117102518196858	8.89151411195498e-16	PRKRIP1	clu_40903_+	gencode	0.64905	0.9392	0.9392	ENST00000397912,ENST00000496391	PRKRIP1-201,PRKRIP1-208	sig_beige
in_trifid	chr17:39912497:39917082:-	white	-0.117049460852254	1.49789326666134e-05	GSDMB	clu_19881_-	gencode	0.173911111111111	0.290577777777778	0.1683	ENST00000360317,ENST00000418519,ENST00000520542,ENST00000394179,ENST00000309481,ENST00000394175,ENST00000522564,ENST00000523371,ENST00000524039	GSDMB-202,GSDMB-205,GSDMB-212,GSDMB-204,GSDMB-201,GSDMB-203,GSDMB-213,GSDMB-214,GSDMB-215	sig_white
in_trifid	chr17:15260761:15265154:-	beige	0.116906280011836	2.49902889658141e-30	PMP22	clu_19554_-	gencode	0.3606	0.52775	0.52775	ENST00000312280,ENST00000646419	PMP22-201,PMP22-212	sig_beige
in_trifid	chr3:42621516:42630546:+	beige	0.116828056433245	0.0020951561239009	NKTR	clu_18401_+	gencode	0.7095	1	1	ENST00000232978	NKTR-201	sig_beige
in_trifid	chr1:146960006:146960109:+	beige	0.11682109227711	1.06739076603311e-10	NBPF12	clu_14195_+	gencode	0.19002	0.38	0.0727	ENST00000617931,ENST00000617844,ENST00000611443,ENST00000617614,ENST00000439206	NBPF12-208,NBPF12-206,NBPF12-203,NBPF12-205,NBPF12-201	sig_beige
in_trifid	chr9:127803404:127804285:+	white	-0.116727127801298	7.39506392201226e-07	FPGS	clu_17460_+	gencode	0.0886333333333333	0.145466666666667	0.0281	ENST00000373225,ENST00000423577,ENST00000431857	FPGS-201,FPGS-205,FPGS-206	sig_white
in_trifid	chr11:71480274:71480755:+	white	-0.116286751129949	0.0179768398343382	NADSYN1	clu_38959_+	gencode	0.00106666666666667	0.0012	0	ENST00000530055,ENST00000529840,ENST00000529840	NADSYN1-216,NADSYN1-215,NADSYN1-215	sig_white
in_trifid	chr19:3633169:3638884:-	white	-0.116276311001884	6.26773678174797e-05	PIP5K1C	clu_7090_-	gencode	0.3672	0.5724	0.5724	ENST00000539785	PIP5K1C-203	sig_white
in_trifid	chr3:136152738:136194972:-	white	-0.116111513451209	2.87506886674816e-05	MSL2	clu_4197_-	gencode	0.9915	1	1	ENST00000309993	MSL2-201	sig_white
in_trifid	chr9:129137692:129142445:+	beige	0.116094249807536	1.60896274210898e-11	PTPA	clu_17541_+	gencode	0.25135	0.2892125	0.2352	ENST00000393370,ENST00000357197,ENST00000358994,ENST00000452489,ENST00000337738,ENST00000355007,ENST00000348141,ENST00000411917	PTPA-207,PTPA-205,PTPA-206,PTPA-223,PTPA-201,PTPA-204,PTPA-203,PTPA-208	sig_beige
in_trifid	chr1:246355094:246417296:-	white	-0.116042364541602	7.86919976685699e-06	SMYD3	clu_29334_-	gencode	0.0971	0.0988	0.0988	ENST00000630181	SMYD3-218	sig_white
in_trifid	chr1:240211235:240257945:+	beige	0.116024439352265	0.0134642832664134	FMN2	clu_15045_+	gencode	0.6923	1	1	ENST00000319653	FMN2-201	sig_beige
in_trifid	chr1:161726993:161727247:+	beige	0.115955390840112	1.29167513394381e-27	FCRLB	clu_14521_+	gencode	0.26576	0.38324	0.3059	ENST00000367948,ENST00000367944,ENST00000336830,ENST00000367945,ENST00000367946	FCRLB-205,FCRLB-202,FCRLB-201,FCRLB-203,FCRLB-204	sig_beige
in_trifid	chr10:311566:327006:-	white	-0.115865284296529	8.65730909529162e-52	DIP2C	clu_37352_-	gencode	0.6441	0.677	0.677	ENST00000634311	DIP2C-205	sig_white
in_trifid	chr19:52453607:52456868:+	beige	0.115778713274422	0.0021432709607841	ZNF578,AC010332.3	clu_27149_+	gencode	0.5592	1	1	ENST00000421239	ZNF578-201	sig_beige
in_trifid	chr12:93679072:93849970:+	beige	0.115415370817044	1.41096375327045e-07	CRADD	clu_11139_+	gencode	0.9787	1	1	ENST00000332896,ENST00000542893	CRADD-201,CRADD-202	sig_beige
in_trifid	chr4:73177533:73222974:-	beige	0.115342102619816	5.29686198258519e-05	ANKRD17	clu_36618_-	gencode	0.815	1	1	ENST00000509867	ANKRD17-203	sig_beige
in_trifid	chrX:7147602:7190880:+	beige	0.11499373078341	1.4383110343592e-06	STS	clu_15130_+	gencode	0.21955	0.32095	0.32095	ENST00000666110,ENST00000664306	STS-205,STS-204	sig_beige
in_trifid	chr10:103661114:103678081:-	white	-0.114957698991419	4.02669411380625e-18	SH3PXD2A	clu_38044_-	refseq	0.0439	0.0554	0.0554	NM_001365079	NA	sig_white
in_trifid	chr19:57556357:57559656:-	white	-0.11491379626761	0.000657729189539077	ZNF550	clu_8092_-	gencode	0.38154	0.56184	0.9046	ENST00000457177,ENST00000376230,ENST00000447310,ENST00000601415,ENST00000601415	ZNF550-205,ZNF550-203,ZNF550-204,ZNF550-208,ZNF550-208	sig_white
in_trifid	chr1:31733143:31735580:-	white	-0.114867995258613	0.00668032742856474	ADGRB2	clu_27790_-	gencode	0.165533333333333	0.285333333333333	0.1917	ENST00000527361,ENST00000398542,ENST00000398556	ADGRB2-212,ADGRB2-204,ADGRB2-206	sig_white
in_trifid	chrX:49282063:49299276:+	white	-0.114799488326886	2.72556212995074e-05	PPP1R3F	clu_15312_+	refseq	0.1177	0.16295	0.16295	XM_047442614,XM_017029934	NA,NA	sig_white
in_trifid	chr12:3733210:3753015:-	beige	0.114769255221289	0.0496816197736793	CRACR2A	clu_24959_-	gencode	0.2899	0.5582	0.5582	ENST00000440314,ENST00000252322	CRACR2A-203,CRACR2A-201	sig_beige
in_trifid	chr4:168512412:168668190:+	beige	0.114641027020783	3.84109830046717e-13	PALLD	clu_40139_+	gencode	0.4007	0.5337	0.5995	ENST00000505667,ENST00000261509,ENST00000508898	PALLD-206,PALLD-201,PALLD-210	sig_beige
in_trifid	chr17:48592456:48593121:-	beige	0.114503159698996	0.0375098025212233	HOXB5	clu_20091_-	gencode	0.9802	1	1	ENST00000239151	HOXB5-201	sig_beige
in_trifid	chr11:58570713:58578019:-	beige	0.114502106884233	2.44521915392778e-09	LPXN	clu_1449_-	gencode	0.3556	0.5822	0.5822	ENST00000528954	LPXN-203	sig_beige
in_trifid	chr12:925525:927145:-	beige	0.114461839748735	0.0450189158415155	RAD52	clu_24942_-	gencode	0.501533333333333	0.759	1	ENST00000358495,ENST00000430095,ENST00000536177	RAD52-202,RAD52-204,RAD52-211	sig_beige
in_trifid	chr19:42217045:42217632:-	beige	0.114425779670901	0.0250818273084851	DEDD2	clu_7750_-	gencode	0.474566666666667	0.519866666666667	0.4799	ENST00000596251,ENST00000336034,ENST00000598727	DEDD2-205,DEDD2-201,DEDD2-209	sig_beige
in_trifid	chr12:132933155:132945621:-	beige	0.114410939483564	2.21201862207287e-08	ZNF605	clu_26071_-	gencode	0.6605	0.8682	0.8682	ENST00000392321,ENST00000360187	ZNF605-204,ZNF605-202	sig_beige
in_trifid	chr22:50201590:50206317:+	beige	0.114388986353582	0.0174577906288022	SELENOO	clu_16190_+	gencode	0.33995	0.6799	0.6799	ENST00000380903,ENST00000611222	SELENOO-201,SELENOO-203	sig_beige
in_trifid	chr10:96057000:96057088:+	white	-0.114360982918506	0.0138865744532191	CCNJ	clu_29884_+	gencode	0.9554	1	1	ENST00000465148	CCNJ-203	sig_white
in_trifid	chr12:32502338:32564137:+	beige	0.114047976882109	1.03118679012419e-06	FGD4	clu_10690_+	gencode	0.177871428571429	0.224228571428571	0.0016	ENST00000427716,ENST00000546442,ENST00000472289,ENST00000395740,ENST00000493087,ENST00000551984,ENST00000551984	FGD4-202,FGD4-213,FGD4-203,FGD4-201,FGD4-206,FGD4-215,FGD4-215	sig_beige
in_trifid	chr19:55112795:55117223:-	white	-0.113904534158305	0.00147127583679255	PPP1R12C	clu_8048_-	gencode	0.436	0.5723	0.5723	ENST00000263433,ENST00000592993	PPP1R12C-201,PPP1R12C-209	sig_white
in_trifid	chr16:20798211:20799263:-	white	-0.113823136444174	0.00706322268199124	ERI2	clu_24326_-	gencode	0.0584	0.0881	0.0881	ENST00000569729	ERI2-215	sig_white
in_trifid	chr1:149833864:149834135:+	white	-0.113546051149734	1.8532014719989e-07	HIST2H4A	clu_14246_+	gencode	0.7232	0.9811	0.9811	ENST00000618193	HIST2H4A-204	sig_white
in_trifid	chr12:114679651:114680879:-	white	-0.113498796586349	2.6445648458338e-07	TBX3	clu_25851_-	gencode	0.8785	1	1	ENST00000349155	TBX3-202	sig_white
in_trifid	chr1:201740076:201780421:+	beige	0.11334749944819	5.72557233347551e-43	NAV1	clu_14762_+	gencode	0.2677	0.5354	0.5354	ENST00000367295	NAV1-201	sig_beige
in_trifid	chr5:96776194:96776404:-	beige	0.113205382322652	0.0415222912812757	ERAP1	clu_5967_-	gencode	0	0	0	ENST00000512852	ERAP1-208	sig_beige
in_trifid	chr11:111968638:111974023:+	beige	0.113056663246896	2.62089230411348e-11	DIXDC1	clu_39182_+	gencode	0.50525	0.52475	0.52475	ENST00000440460,ENST00000529225	DIXDC1-201,DIXDC1-205	sig_beige
in_trifid	chr16:65039:76253:-	white	-0.113022913574234	0.014320045338518	RHBDF1	clu_24010_-	gencode	0	0	0	ENST00000450643	RHBDF1-206	sig_white
in_trifid	chr15:85620172:85639374:+	white	-0.112946201317755	5.27062262685899e-05	AKAP13	clu_30783_+	gencode	0.1106	0.1757	0.1757	ENST00000394510,ENST00000560676	AKAP13-202,AKAP13-222	sig_white
in_trifid	chr5:134526286:134535858:+	beige	0.112741135537891	0.00455157899276505	JADE2	clu_22660_+	gencode	0.4108	0.6518	0.6518	ENST00000395003	JADE2-203	sig_beige
in_trifid	chr16:3404648:3408321:+	white	-0.11263878822524	0.000952668885033576	ZNF174	clu_4738_+	gencode	0.8813	0.9778	0.9778	ENST00000268655,ENST00000571936	ZNF174-201,ZNF174-203	sig_white
in_trifid	chr16:3404648:3404909:+	beige	0.11263878822524	0.000952668885033576	ZNF174	clu_4738_+	gencode	0.0836	0.09275	0.09275	ENST00000344823,ENST00000575752	ZNF174-202,ZNF174-205	sig_beige
in_trifid	chr19:38320272:38326593:+	beige	0.112624702941865	0.0313959796560538	KCNK6	clu_26775_+	gencode	0.9376	1	1	ENST00000263372	KCNK6-201	sig_beige
in_trifid	chr3:55480918:55481331:-	white	-0.112562988809237	0.00142616262624488	WNT5A	clu_3780_-	gencode	0.5799	0.5856	0.5856	ENST00000497027	WNT5A-205	sig_white
in_trifid	chr9:128266325:128267458:-	white	-0.1125431894121	9.37888409159054e-15	GOLGA2	clu_10181_-	gencode	0	0	0	ENST00000458730	GOLGA2-203	sig_white
in_trifid	chr11:112017885:112018956:+	white	-0.112432763498182	1.28801385168606e-30	DIXDC1	clu_39189_+	gencode	0.7654	0.7949	0.7949	ENST00000440460,ENST00000615255	DIXDC1-201,DIXDC1-208	sig_white
in_trifid	chr11:9574509:9575888:+	white	-0.112170455251628	0.0257263612421959	WEE1	clu_38354_+	gencode	0.916	1	1	ENST00000450114	WEE1-202	sig_white
in_trifid	chr21:32315099:32316466:-	white	-0.11212315557693	7.71805325035544e-17	URB1	clu_37190_-	gencode	0.6286	1	1	ENST00000382751	URB1-201	sig_white
in_trifid	chr5:65652545:65658368:+	beige	0.111849238036706	2.0725983453178e-14	TRAPPC13	clu_22299_+	gencode	0.36152	0.38106	0	ENST00000505553,ENST00000231526,ENST00000504751,ENST00000504751,ENST00000504751	TRAPPC13-208,TRAPPC13-201,TRAPPC13-206,TRAPPC13-206,TRAPPC13-206	sig_beige
in_trifid	chr11:119011283:119011939:+	beige	0.111479839092952	0.000559859056908812	CCDC84	clu_39274_+	gencode	0.9409	1	1	ENST00000334418	CCDC84-201	sig_beige
in_trifid	chr11:119011311:119011939:+	white	-0.111479839092952	0.000559859056908812	CCDC84	clu_39274_+	gencode	0.00795	0.00845	0.00845	ENST00000526463,ENST00000532132	CCDC84-203,CCDC84-206	sig_white
in_trifid	chr1:196828246:196830500:+	white	-0.111468068852414	2.44521915392778e-09	CFHR1	clu_14736_+	gencode	0.7284	1	1	ENST00000320493	CFHR1-201	sig_white
in_trifid	chr5:32098634:32101105:+	white	-0.110940746825832	8.89143135824249e-06	PDZD2	clu_22147_+	gencode	0.687	1	1	ENST00000438447	PDZD2-202	sig_white
in_trifid	chr11:36376704:36400997:+	white	-0.110815718501229	1.43239427363627e-14	PRR5L	clu_38490_+	gencode	0.41335	0.51565	0.51565	ENST00000378867,ENST00000530252	PRR5L-201,PRR5L-214	sig_white
in_trifid	chr1:11803129:11803405:-	white	-0.110597939358757	7.98305167329887e-05	MTHFR	clu_27518_-	gencode	0.86415	0.98285	0.98285	ENST00000376585,ENST00000376583	MTHFR-203,MTHFR-202	sig_white
in_trifid	chr12:122341697:122352726:-	white	-0.110493795323906	2.31472580648404e-11	CLIP1	clu_25945_-	gencode	0.58215	0.60575	0.60575	ENST00000537178,ENST00000361654	CLIP1-210,CLIP1-203	sig_white
in_trifid	chr6:33076141:33080672:+	beige	0.110371978195364	0.00479069939017091	HLA-DPB1	clu_23278_+	gencode	0.552	1	1	ENST00000418931	HLA-DPB1-211	sig_beige
in_trifid	chr3:29281756:29434743:+	white	-0.110371396076251	5.74687631504671e-29	RBMS3	clu_18299_+	gencode	0.4983	0.64932	0.8093	ENST00000273139,ENST00000452462,ENST00000383767,ENST00000456853,ENST00000445033	RBMS3-201,RBMS3-209,RBMS3-203,RBMS3-210,RBMS3-207	sig_white
in_trifid	chr17:48574014:48590125:-	white	-0.110299743353772	4.98696228833995e-12	HOXB3	clu_20089_-	gencode	0.9552	0.9725	0.9725	ENST00000498678	HOXB3-212	sig_white
in_trifid	chr20:50565069:50568380:+	white	-0.110200198474989	1.76880946995602e-11	PTPN1	clu_6825_+	gencode	0.31675	0.51395	0.51395	ENST00000371621,ENST00000541713	PTPN1-201,PTPN1-202	sig_white
in_trifid	chr22:40178140:40246015:+	beige	0.110148450414861	0.0211773597293187	TNRC6B	clu_16058_+	gencode	0.4443	0.7575	0.7575	ENST00000454349,ENST00000335727	TNRC6B-206,TNRC6B-202	sig_beige
in_trifid	chr22:40156182:40246015:+	white	-0.110148450414861	0.0211773597293187	TNRC6B	clu_16058_+	gencode	0.18465	0.3148	0.3148	ENST00000402203,ENST00000301923	TNRC6B-203,TNRC6B-201	sig_white
in_trifid	chr14:31448454:31453275:-	beige	0.109863456866595	3.98235323151556e-27	DTD2	clu_16386_-	gencode	0.648133333333333	0.656233333333333	0.9687	ENST00000310850,ENST00000356180,ENST00000549850	DTD2-201,DTD2-202,DTD2-203	sig_beige
in_trifid	chr22:29529239:29531831:-	beige	0.109646685120382	1.66572219043792e-09	THOC5	clu_752_-	gencode	0.634283333333333	0.644783333333333	0.9442	ENST00000490103,ENST00000397873,ENST00000397871,ENST00000397872,ENST00000358079,ENST00000358079	THOC5-216,THOC5-204,THOC5-202,THOC5-203,THOC5-201,THOC5-201	sig_beige
in_trifid	chr8:66452105:66454059:+	beige	0.109644711182166	0.0037764918594399	ADHFE1	clu_21708_+	gencode	0.5197	0.542133333333333	0.6252	ENST00000396623,ENST00000415254,ENST00000276576	ADHFE1-203,ADHFE1-204,ADHFE1-201	sig_beige
in_trifid	chr9:686921:710804:+	beige	0.109570763448078	8.151829601499e-40	KANK1	clu_16830_+	refseq	0.32085	0.32825	0.32825	NM_001354335,NM_001354336	NA,NA	sig_beige
in_trifid	chr19:53467789:53483750:+	white	-0.109531663348431	1.22972525249902e-08	ZNF813	clu_27159_+	gencode	0.192833333333333	0.335733333333333	0.0038	ENST00000396403,ENST00000468450,ENST00000490956	ZNF813-201,ZNF813-202,ZNF813-203	sig_white
in_trifid	chr5:142697715:142697913:-	beige	0.10943690814036	1.03082643578683e-45	FGF1	clu_6192_-	gencode	0.306833333333333	0.308766666666667	0	ENST00000441680,ENST00000407758,ENST00000407758	FGF1-209,FGF1-206,FGF1-206	sig_beige
in_trifid	chrX:110067396:110109080:+	beige	0.109056497466205	9.21479153185464e-05	TMEM164	clu_15504_+	gencode	0.775766666666667	0.8152	0.9706	ENST00000372068,ENST00000372073,ENST00000372072	TMEM164-202,TMEM164-204,TMEM164-203	sig_beige
in_trifid	chr14:31453344:31457283:-	beige	0.109047375816928	0.000416451563010762	DTD2,AL139353.1	clu_16369_-	gencode	0.575375	0.670725	0.6734	ENST00000310850,ENST00000356180,ENST00000547378,ENST00000549185	DTD2-201,DTD2-202,AL139353.1-202,AL139353.1-201	sig_beige
in_trifid	chr14:31453344:31457029:-	white	-0.109047375816928	0.000416451563010762	AL139353.1,DTD2	clu_16369_-	gencode	0.00515	0.01035	0.01035	ENST00000547760,ENST00000549850	AL139353.1-203,DTD2-203	sig_white
in_trifid	chr10:51907570:52054484:+	beige	0.108905008407552	0.00154186607754743	PRKG1	clu_29624_+	gencode	0.459	0.501875	0.50335	ENST00000373980,ENST00000401604,ENST00000645324,ENST00000373976	PRKG1-203,PRKG1-204,PRKG1-207,PRKG1-202	sig_beige
in_trifid	chr13:23181075:23203695:+	beige	0.108720362917674	1.0399351817889e-11	SGCG	clu_8153_+	gencode	0.9748	1	1	ENST00000218867	SGCG-201	sig_beige
in_trifid	chr19:47256609:47258330:+	beige	0.108542400478327	4.82925468889437e-06	CCDC9	clu_27002_+	gencode	0.2914	0.58285	0.58285	ENST00000221922,ENST00000643617	CCDC9-201,CCDC9-207	sig_beige
in_trifid	chr1:89584789:89592771:+	beige	0.108374741529109	1.08690665130918e-22	LRRC8B	clu_13899_+	gencode	0.71055	0.779875	0.9679	ENST00000330947,ENST00000640258,ENST00000639264,ENST00000439853	LRRC8B-201,LRRC8B-206,LRRC8B-205,LRRC8B-203	sig_beige
in_trifid	chr3:73404395:73602354:-	white	-0.108281448906426	1.6404314808188e-15	PDZRN3	clu_3877_-	gencode	0.9346	1	1	ENST00000263666	PDZRN3-201	sig_white
in_trifid	chr16:11937668:11941838:-	white	-0.108124849429019	4.49996214502001e-05	NPIPB2	clu_24215_-	gencode	0.0022	0.0044	0.0044	ENST00000538896	NPIPB2-204	sig_white
in_trifid	chr3:9843601:9843890:-	beige	0.107979829856081	0.00302562252438733	RPUSD3	clu_3291_-	gencode	0.1796	0.194016666666667	0.0135	ENST00000383820,ENST00000433535,ENST00000418713,ENST00000433972,ENST00000427174,ENST00000427174	RPUSD3-201,RPUSD3-206,RPUSD3-202,RPUSD3-208,RPUSD3-205,RPUSD3-205	sig_beige
in_trifid	chr8:23566336:23568322:+	beige	0.107851080031557	0.00235839582983249	SLC25A37	clu_21499_+	gencode	0.326133333333333	0.333333333333333	0	ENST00000519973,ENST00000523930,ENST00000523930	SLC25A37-206,SLC25A37-212,SLC25A37-212	sig_beige
in_trifid	chr10:310092:311537:-	white	-0.107774546490743	8.65730909529162e-52	DIP2C	clu_37352_-	gencode	0.6441	0.677	0.677	ENST00000634311	DIP2C-205	sig_white
in_trifid	chr11:119131982:119132496:+	beige	0.107756792532786	0.0129553419626226	HINFP	clu_39294_+	gencode	0.34565	0.51515	0.51515	ENST00000350777,ENST00000527410	HINFP-201,HINFP-204	sig_beige
in_trifid	chr14:24115293:24115382:+	white	-0.107413593823468	0.0024688307829121	DCAF11	clu_33556_+	gencode	0.0456047619047619	0.0476285714285714	0	ENST00000446197,ENST00000326009,ENST00000557802,ENST00000557810,ENST00000557810,ENST00000558638,ENST00000558638,ENST00000558638,ENST00000558706,ENST00000558706,ENST00000558706,ENST00000559017,ENST00000559017,ENST00000559288,ENST00000559288,ENST00000559396,ENST00000559796,ENST00000559796,ENST00000560457,ENST00000560457,ENST00000560457	DCAF11-204,DCAF11-201,DCAF11-205,DCAF11-207,DCAF11-207,DCAF11-213,DCAF11-213,DCAF11-213,DCAF11-214,DCAF11-214,DCAF11-214,DCAF11-216,DCAF11-216,DCAF11-219,DCAF11-219,DCAF11-222,DCAF11-226,DCAF11-226,DCAF11-229,DCAF11-229,DCAF11-229	sig_white
in_trifid	chrX:139728962:139737916:-	white	-0.107390948060825	1.00003479119527e-11	ATP11C	clu_478_-	gencode	0.6491	0.8939	0.8939	ENST00000361648,ENST00000370557	ATP11C-202,ATP11C-203	sig_white
in_trifid	chr9:129108077:129110483:-	beige	0.107216283042407	2.28823916273719e-08	CRAT	clu_10209_-	gencode	0.45365	0.5019	0.5019	ENST00000318080,ENST00000393384	CRAT-201,CRAT-202	sig_beige
in_trifid	chr4:73177533:73258276:-	white	-0.106970865271725	5.29686198258519e-05	ANKRD17	clu_36618_-	gencode	0.426375	0.5232	0.57655	ENST00000358602,ENST00000330838,ENST00000558247,ENST00000639793	ANKRD17-202,ANKRD17-201,ANKRD17-207,ANKRD17-211	sig_white
in_trifid	chr19:15125069:15125656:-	white	-0.106961462304941	8.06752430708713e-09	ILVBL	clu_7433_-	gencode	0.9741	1	1	ENST00000263383	ILVBL-201	sig_white
in_trifid	chr16:66939358:66940222:+	white	-0.106706647918625	0.000974419994897022	CES2	clu_5281_+	gencode	0.160675	0.3214	0.16485	ENST00000317091,ENST00000417689,ENST00000568470,ENST00000561697	CES2-201,CES2-202,CES2-211,CES2-203	sig_white
in_trifid	chr14:73569883:73573388:+	beige	0.106600274555946	0.00186542640596702	ACOT2	clu_33867_+	gencode	0.4864	0.653333333333333	0.6265	ENST00000238651,ENST00000613168,ENST00000622407	ACOT2-201,ACOT2-204,ACOT2-205	sig_beige
in_trifid	chr14:73569396:73573388:+	white	-0.106600274555946	0.00186542640596702	ACOT2	clu_33867_+	gencode	4e-04	6e-04	6e-04	ENST00000538782	ACOT2-202	sig_white
in_trifid	chr12:104457514:104601906:+	white	-0.106365394991208	1.79691404699197e-09	CHST11	clu_11204_+	gencode	0.4762	0.5016	0.5016	ENST00000549260,ENST00000546689	CHST11-205,CHST11-202	sig_white
in_trifid	chr2:11287736:11345274:-	beige	0.106279043594653	1.07688881323128e-10	ROCK2	clu_11594_-	refseq	0.21785	0.22765	0.22765	NM_001321643,XM_011510417	NA,NA	sig_beige
in_trifid	chr14:102233789:102250812:-	beige	0.106216877185655	6.29061496552e-10	MOK	clu_16782_-	gencode	0.2545375	0.2578625	0.00135	ENST00000361847,ENST00000522874,ENST00000524214,ENST00000559838,ENST00000521388,ENST00000521766,ENST00000562292,ENST00000562292	MOK-201,MOK-226,MOK-233,MOK-238,MOK-217,MOK-219,MOK-240,MOK-240	sig_beige
in_trifid	chr1:115744912:115768308:-	white	-0.106144227335454	2.55740880498521e-07	CASQ2	clu_28446_-	gencode	0.7097	1	1	ENST00000261448	CASQ2-201	sig_white
in_trifid	chr3:196712644:196716858:+	beige	0.106104223744445	0.015165518653856	PIGX	clu_19224_+	gencode	0.1282	0.25638	0.0052	ENST00000392391,ENST00000296333,ENST00000453218,ENST00000457284,ENST00000421265	PIGX-202,PIGX-201,PIGX-207,PIGX-208,PIGX-204	sig_beige
in_trifid	chr3:196713124:196716858:+	white	-0.106104223744445	0.015165518653856	PIGX	clu_19224_+	gencode	1e-04	2e-04	0	ENST00000415832,ENST00000451319,ENST00000451319	PIGX-203,PIGX-206,PIGX-206	sig_white
in_trifid	chrX:72302934:72305825:-	beige	0.10599682323208	1.86472195470581e-81	CITED1	clu_291_-	gencode	0.1934	0.386833333333333	0.5345	ENST00000651998,ENST00000445983,ENST00000417400	CITED1-211,CITED1-207,CITED1-203	sig_beige
in_trifid	chr22:29328895:29330378:-	white	-0.105973803597194	3.93928454546068e-11	AP1B1	clu_741_-	gencode	0.5788	0.5972	0.5972	ENST00000432560,ENST00000317368	AP1B1-208,AP1B1-201	sig_white
in_trifid	chr1:26795234:26797563:+	white	-0.105865781435929	2.83357699886566e-09	PIGV	clu_13345_+	gencode	0.553133333333333	0.647766666666667	0.9433	ENST00000078527,ENST00000374145,ENST00000472757	PIGV-201,PIGV-202,PIGV-206	sig_white
in_trifid	chr11:62600689:62601423:-	beige	0.105696383729218	0.0108934125470197	MTA2	clu_1527_-	gencode	0.9966	1	1	ENST00000278823	MTA2-201	sig_beige
in_trifid	chr11:62600689:62601023:-	white	-0.105696383729218	0.0108934125470197	MTA2	clu_1527_-	gencode	0.0892	0.0895	0.0895	ENST00000527204	MTA2-204	sig_white
in_trifid	chr8:66452105:66453710:+	white	-0.10566930738434	0.0037764918594399	ADHFE1,AC009879.3	clu_21708_+	gencode	0.0570333333333333	0.111866666666667	0.0019	ENST00000648156,ENST00000424777,ENST00000426810,ENST00000419955,ENST00000396621,ENST00000422166	AC009879.3-201,ADHFE1-207,ADHFE1-208,ADHFE1-205,ADHFE1-202,ADHFE1-206	sig_white
in_trifid	chr5:180809076:180809634:-	white	-0.105617229115756	9.11160933132074e-07	MGAT1	clu_6400_-	gencode	0.7036	0.9539	0.9539	ENST00000446023	MGAT1-205	sig_white
in_trifid	chr18:76928106:76937156:+	white	-0.105575603636011	0.0297426134277318	ZNF236	clu_3239_+	gencode	0.7626	0.9615	0.9615	ENST00000320610,ENST00000253159	ZNF236-202,ZNF236-201	sig_white
in_trifid	chr2:54456518:54526372:+	beige	0.105547937581028	1.01487646497363e-07	SPTBN1	clu_31236_+	gencode	0.8467	0.8526	0.8526	ENST00000356805,ENST00000615901	SPTBN1-202,SPTBN1-207	sig_beige
in_trifid	chr5:113151422:113294329:-	beige	0.105408822168378	0.00156506013988013	MCC	clu_6011_-	gencode	0.32035	0.5129	0.5129	ENST00000302475,ENST00000514701	MCC-201,MCC-208	sig_beige
in_trifid	chr7:149278527:149287565:+	white	-0.105374509480038	0.0186633124711795	ZNF783	clu_41143_+	gencode	0.004	0.007	0.007	ENST00000378052,ENST00000476295	ZNF783-201,ZNF783-203	sig_white
in_trifid	chr2:102762349:102762587:+	beige	0.105362526698352	1.15895993429085e-10	TMEM182	clu_31585_+	gencode	0.4678	0.5006	0.5006	ENST00000412401,ENST00000640575	TMEM182-203,TMEM182-211	sig_beige
in_trifid	chr4:109741110:109742491:-	white	-0.105048912717368	1.11364720011209e-25	CFI	clu_36806_-	gencode	0.407233333333333	0.7461	0.6768	ENST00000394634,ENST00000394635,ENST00000512148	CFI-201,CFI-202,CFI-205	sig_white
in_trifid	chr14:90603303:90610742:-	white	-0.104873307110574	1.12961948588427e-13	TTC7B	clu_16711_-	gencode	0.0046	0.0047	0.0047	ENST00000553972	TTC7B-203	sig_white
in_trifid	chr9:693786:710804:+	white	-0.104788559494776	8.151829601499e-40	KANK1	clu_16830_+	refseq	0.3186	0.325966666666667	0.2868	NM_001354337,NM_001354338,NM_001354339	NA,NA,NA	sig_white
in_trifid	chr11:71478469:71480755:+	beige	0.10460641450264	0.0179768398343382	NADSYN1	clu_38959_+	gencode	0.2984	0.334	0.0014	ENST00000319023,ENST00000525200,ENST00000527852	NADSYN1-201,NADSYN1-204,NADSYN1-210	sig_beige
in_trifid	chr9:127424910:127428832:+	white	-0.104572886879347	0.00859343493672885	ZNF79	clu_17446_+	gencode	0.36145	0.399	0.399	ENST00000612342,ENST00000617266	ZNF79-203,ZNF79-204	sig_white
in_trifid	chr16:75243090:75251471:-	beige	0.104070180844663	0.00152770980839132	BCAR1	clu_24789_-	gencode	0.5835	0.6399	0.6399	ENST00000162330,ENST00000393420	BCAR1-201,BCAR1-202	sig_beige
in_trifid	chr1:161750145:161751655:+	white	-0.103996070102163	1.29167513394381e-27	DUSP12	clu_14521_+	gencode	0	0	0	ENST00000464004,ENST00000484291,ENST00000484291	DUSP12-203,DUSP12-204,DUSP12-204	sig_white
in_trifid	chr19:57556357:57560215:-	beige	0.103820999672661	0.000657729189539077	ZNF550	clu_8092_-	refseq	0.2481	0.264	0.264	XM_047438312,XM_047438311	NA,NA	sig_beige
in_trifid	chrX:7148083:7190880:+	white	-0.103638575784179	1.4383110343592e-06	STS	clu_15130_+	gencode	0.0051	0.0075	0.0075	ENST00000660000	STS-203	sig_white
in_trifid	chr16:69311532:69316008:+	beige	0.103615285122837	0.012012105814331	VPS4A	clu_5376_+	gencode	0.9945	1	1	ENST00000254950	VPS4A-201	sig_beige
in_trifid	chr16:71880023:71883211:-	beige	0.103487261560271	0.0157216140670677	ZNF821	clu_24742_-	gencode	0.22970625	0.23355625	0	ENST00000425432,ENST00000565601,ENST00000446827,ENST00000313565,ENST00000611294,ENST00000564134,ENST00000562797,ENST00000563827,ENST00000563827,ENST00000563827,ENST00000565843,ENST00000565843,ENST00000565843,ENST00000568322,ENST00000568322,ENST00000568322	ZNF821-202,ZNF821-214,ZNF821-203,ZNF821-201,ZNF821-221,ZNF821-211,ZNF821-206,ZNF821-209,ZNF821-209,ZNF821-209,ZNF821-215,ZNF821-215,ZNF821-215,ZNF821-217,ZNF821-217,ZNF821-217	sig_beige
in_trifid	chr2:11776193:11779519:+	beige	0.103368013485401	7.93970609817713e-61	LPIN1	clu_30968_+	gencode	0.139675	0.279325	0.2237	ENST00000449576,ENST00000396097,ENST00000396098,ENST00000396099	LPIN1-209,LPIN1-202,LPIN1-203,LPIN1-204	sig_beige
in_trifid	chr1:45334511:45339899:-	beige	0.103327710356359	0.0261577559826845	MUTYH	clu_27982_-	gencode	0.277466666666667	0.5367	0.5564	ENST00000456914,ENST00000448481,ENST00000528013	MUTYH-211,MUTYH-209,MUTYH-234	sig_beige
in_trifid	chr7:44759460:44760425:+	white	-0.103316887024392	5.02807923107296e-09	ZMIZ2	clu_40522_+	gencode	0.86805	0.94025	0.94025	ENST00000265346,ENST00000413916	ZMIZ2-201,ZMIZ2-203	sig_white
in_trifid	chr20:3149260:3159766:-	beige	0.103285976849997	3.69561574448344e-09	FASTKD5	clu_20645_-	gencode	0.3941	0.7882	0.7882	ENST00000380266	FASTKD5-201	sig_beige
in_trifid	chr17:63412130:63413543:+	white	-0.10324155333344	3.69355273477322e-05	TANC2	clu_35054_+	gencode	0.48095	0.5521	0.5521	ENST00000424789,ENST00000583356	TANC2-202,TANC2-209	sig_white
in_trifid	chr11:47172333:47173426:-	beige	0.103151697327306	2.26449272450062e-06	ARFGAP2	clu_1389_-	gencode	0.283725	0.285225	0.0663	ENST00000524782,ENST00000426335,ENST00000525398,ENST00000528444	ARFGAP2-205,ARFGAP2-202,ARFGAP2-207,ARFGAP2-217	sig_beige
in_trifid	chr16:11174277:11178335:+	beige	0.103112285089268	0.00442692999233745	CLEC16A	clu_4803_+	gencode	0.0095	0.019	0.019	ENST00000261657	CLEC16A-201	sig_beige
in_trifid	chr11:62728736:62728823:+	white	-0.103033404451649	0.0119099100688388	TTC9C	clu_38652_+	gencode	0.49735	0.5073	0.5073	ENST00000532583,ENST00000294161	TTC9C-205,TTC9C-201	sig_white
in_trifid	chr16:69299774:69300832:+	white	-0.103003626521677	0.012012105814331	SNTB2	clu_5376_+	gencode	0.4982	0.53295	0.53295	ENST00000336278,ENST00000467311	SNTB2-201,SNTB2-203	sig_white
in_trifid	chr2:48530829:48580587:+	white	-0.102991994140087	3.2520741042254e-40	STON1	clu_31216_+	gencode	0.9626	1	1	ENST00000406226	STON1-202	sig_white
in_trifid	chr4:168631900:168668190:+	white	-0.102945640259743	3.84109830046717e-13	PALLD	clu_40139_+	gencode	0.0954	0.1271	0.1271	ENST00000512127	PALLD-215	sig_white
in_trifid	chr19:1127765:1132090:-	white	-0.10277020433677	7.07055850599298e-10	SBNO2	clu_7004_-	gencode	0.4151	0.6873	0.6873	ENST00000438103	SBNO2-202	sig_white
in_trifid	chr2:39755960:39761331:-	beige	0.102633573370852	0.00150436392154386	THUMPD2	clu_11822_-	gencode	0.3237	0.5003	0.5003	ENST00000505747,ENST00000530522	THUMPD2-204,THUMPD2-208	sig_beige
in_trifid	chr1:17634562:17634835:+	white	-0.102543284812111	1.23569886982429e-15	ARHGEF10L	clu_13235_+	gencode	0.58655	0.97325	0.97325	ENST00000375415,ENST00000361221	ARHGEF10L-204,ARHGEF10L-202	sig_white
in_trifid	chr15:74174019:74174851:+	beige	0.10202778583263	4.19691371814144e-07	ISLR	clu_30639_+	gencode	0.4571	0.9142	0.9142	ENST00000249842	ISLR-201	sig_beige
in_trifid	chr1:173188569:173205311:-	white	-0.101977944702806	0.000836995508464117	TNFSF4	clu_28926_-	gencode	0.428	0.5025	0.5025	ENST00000367718	TNFSF4-202	sig_white
in_trifid	chr21:46635763:46636896:+	white	-0.10186099257915	2.71993975779022e-27	PRMT2	clu_9485_+	gencode	0.126314285714286	0.213542857142857	0.0816	ENST00000397638,ENST00000397628,ENST00000334494,ENST00000458387,ENST00000291705,ENST00000440086,ENST00000451211	PRMT2-206,PRMT2-204,PRMT2-202,PRMT2-210,PRMT2-201,PRMT2-207,PRMT2-208	sig_white
in_trifid	chr22:50185976:50193027:+	beige	0.101752630349147	1.51766034011471e-05	TRABD	clu_16186_+	gencode	0.9099	0.954	0.954	ENST00000380909	TRABD-202	sig_beige
in_trifid	chr1:2510782:2511338:-	beige	0.101658219997053	0.000134861800444417	PANK4	clu_27404_-	gencode	0.4555	0.51485	0.51485	ENST00000378466,ENST00000435556	PANK4-201,PANK4-202	sig_beige
in_trifid	chr1:2510748:2511338:-	white	-0.101658219997053	0.000134861800444417	PANK4	clu_27404_-	gencode	0.000666666666666667	0.000733333333333333	0.0011	ENST00000505228,ENST00000505228,ENST00000502512	PANK4-210,PANK4-210,PANK4-208	sig_white
in_trifid	chr1:26432376:26432891:+	white	-0.101646577469569	9.03219259478498e-13	DHDDS	clu_13330_+	gencode	0.299542857142857	0.3004	0.0467	ENST00000236342,ENST00000360009,ENST00000526219,ENST00000525682,ENST00000374185,ENST00000427245,ENST00000434391	DHDDS-201,DHDDS-202,DHDDS-217,DHDDS-216,DHDDS-203,DHDDS-206,DHDDS-209	sig_white
in_trifid	chr17:2188515:2236492:-	beige	0.101569355433803	1.02416682055582e-05	SMG6	clu_19317_-	gencode	0.145518181818182	0.184736363636364	0	ENST00000263073,ENST00000354901,ENST00000536871,ENST00000570606,ENST00000570659,ENST00000570659,ENST00000570668,ENST00000571442,ENST00000571442,ENST00000575663,ENST00000575663	SMG6-201,SMG6-202,SMG6-203,SMG6-204,SMG6-205,SMG6-205,SMG6-206,SMG6-209,SMG6-209,SMG6-219,SMG6-219	sig_beige
in_trifid	chr19:8304088:8305031:-	white	-0.101545621917429	0.029145979525478	CD320	clu_7219_-	gencode	0.6717	1	1	ENST00000301458	CD320-201	sig_white
in_trifid	chr2:190509312:190510361:-	white	-0.101528481078719	0.0469455496260756	NEMP2	clu_12660_-	gencode	0.5703	1	1	ENST00000409150	NEMP2-202	sig_white
in_trifid	chr2:190455571:190510361:-	beige	0.101528481078719	0.0469455496260756	NEMP2	clu_12660_-	refseq	0.0161	0.0264	0.0264	XM_017003100,XM_011510458	NA,NA	sig_beige
in_trifid	chr22:35810004:35840192:-	white	-0.10151379820174	1.80097235436981e-10	RBFOX2	clu_822_-	gencode	0.44254	0.47696	0.593	ENST00000416721,ENST00000405409,ENST00000449924,ENST00000414461,ENST00000262829	RBFOX2-208,RBFOX2-205,RBFOX2-210,RBFOX2-207,RBFOX2-201	sig_white
in_trifid	chr2:11773745:11776086:+	beige	0.101504616827727	7.93970609817713e-61	LPIN1	clu_30968_+	gencode	0.139675	0.279325	0.2237	ENST00000449576,ENST00000396097,ENST00000396098,ENST00000396099	LPIN1-209,LPIN1-202,LPIN1-203,LPIN1-204	sig_beige
in_trifid	chr11:65377076:65379376:-	beige	0.101500043171384	1.21263345919937e-07	SLC25A45	clu_1646_-	gencode	0.3066125	0.3305625	0.1398	ENST00000527174,ENST00000398802,ENST00000294187,ENST00000534028,ENST00000530936,ENST00000526259,ENST00000526898,ENST00000526898	SLC25A45-208,SLC25A45-202,SLC25A45-201,SLC25A45-214,SLC25A45-211,SLC25A45-205,SLC25A45-207,SLC25A45-207	sig_beige
in_trifid	chr3:129671264:129723964:-	beige	0.101495015855058	1.87982216818164e-06	TMCC1	clu_4151_-	refseq	0.6568	0.8266	0.8266	NM_001349274	NA	sig_beige
in_trifid	chr9:92515203:92517687:-	white	-0.101397807087656	1.78646695523214e-07	ECM2	clu_9887_-	gencode	0.701	1	1	ENST00000344604	ECM2-201	sig_white
in_trifid	chr9:92515137:92517687:-	beige	0.101397807087656	1.78646695523214e-07	ECM2	clu_9887_-	gencode	0.1629	0.2324	0.2324	ENST00000444490	ECM2-204	sig_beige
in_trifid	chr3:9842082:9842199:-	white	-0.101381450590427	0.00302562252438733	RPUSD3	clu_3291_-	gencode	0.143014285714286	0.154514285714286	3e-04	ENST00000383820,ENST00000424438,ENST00000418713,ENST00000433972,ENST00000427174,ENST00000427174,ENST00000433555	RPUSD3-201,RPUSD3-204,RPUSD3-202,RPUSD3-208,RPUSD3-205,RPUSD3-205,RPUSD3-207	sig_white
in_trifid	chr5:147424963:147453549:-	beige	0.101355817191844	7.4748812910385e-17	DPYSL3	clu_6212_-	gencode	0.4348	0.49305	0.49305	ENST00000398514,ENST00000512722	DPYSL3-202,DPYSL3-206	sig_beige
in_trifid	chr5:180809076:180810040:-	beige	0.101324977758553	9.11160933132074e-07	MGAT1	clu_6400_-	gencode	0.3483	0.4722	0.4722	ENST00000393340,ENST00000506889	MGAT1-203,MGAT1-213	sig_beige
in_trifid	chr15:74174653:74174851:+	white	-0.101179694404021	4.19691371814144e-07	ISLR	clu_30639_+	gencode	0.4571	0.9142	0.9142	ENST00000395118	ISLR-202	sig_white
in_trifid	chr11:107811794:107815790:-	white	-0.101132327471262	0.0214621879228306	SLC35F2	clu_1992_-	gencode	0.26912	0.31262	0.0216	ENST00000525815,ENST00000375682,ENST00000525071,ENST00000532513,ENST00000524991	SLC35F2-204,SLC35F2-201,SLC35F2-203,SLC35F2-205,SLC35F2-202	sig_white
in_trifid	chr8:129903350:129939608:-	beige	0.101120206134066	3.55348121981787e-41	FAM49B	clu_9008_-	gencode	0.232625	0.241625	3e-04	ENST00000519824,ENST00000520204,ENST00000520254,ENST00000520254	FAM49B-215,FAM49B-216,FAM49B-217,FAM49B-217	sig_beige
in_trifid	chr3:129671264:129827803:-	white	-0.101056859047056	1.87982216818164e-06	TMCC1	clu_4151_-	gencode	0.305866666666667	0.329666666666667	0.2393	ENST00000393238,ENST00000648771,ENST00000426664,ENST00000505616,ENST00000505616,ENST00000505616	TMCC1-201,TMCC1-215,TMCC1-202,TMCC1-205,TMCC1-205,TMCC1-205	sig_white
in_trifid	chr10:69180562:69185987:+	beige	0.100960142731265	0.000985370175268473	SUPV3L1	clu_29676_+	gencode	0.7588	1	1	ENST00000359655	SUPV3L1-201	sig_beige
in_trifid	chr3:107523107:107526327:+	beige	0.100829120890873	1.93364309291729e-13	BBX	clu_18726_+	gencode	0.4409	0.4701	0.2056	ENST00000325805,ENST00000415149,ENST00000416476,ENST00000402543,ENST00000427402	BBX-201,BBX-206,BBX-207,BBX-203,BBX-209	sig_beige
in_trifid	chr20:13808902:13816463:+	beige	0.1007714530585	0.00010647990492855	NDUFAF5	clu_6504_+	gencode	0.49445	0.55645	0.55645	ENST00000378106,ENST00000463598	NDUFAF5-202,NDUFAF5-203	sig_beige
in_trifid	chr8:129904585:129970943:-	white	-0.100699504569366	3.55348121981787e-41	FAM49B	clu_9008_-	gencode	0.311783333333333	0.323866666666667	0	ENST00000519110,ENST00000401979,ENST00000517672,ENST00000517672,ENST00000523993,ENST00000523993	FAM49B-212,FAM49B-201,FAM49B-203,FAM49B-203,FAM49B-228,FAM49B-228	sig_white
in_trifid	chr11:842915:847201:+	beige	0.100365194474373	9.56749019703407e-06	TSPAN4	clu_38253_+	gencode	0.59705	0.63435	0.63435	ENST00000397397,ENST00000397396	TSPAN4-203,TSPAN4-202	sig_beige
in_trifid	chr10:46016694:46023330:-	beige	0.100134144012706	2.49722736379089e-45	NCOA4	clu_37630_-	gencode	0.3069	0.6139	0.6139	ENST00000585132	NCOA4-207	sig_beige
in_trifid	chr21:45532148:45537771:-	white	-0.0996153062462362	7.22540544668547e-08	SLC19A1	clu_37323_-	gencode	0.1841	0.33135	0.26795	ENST00000311124,ENST00000380010,ENST00000650808,ENST00000567670,ENST00000427839,ENST00000443742	SLC19A1-201,SLC19A1-202,SLC19A1-213,SLC19A1-212,SLC19A1-204,SLC19A1-205	white
in_trifid	chr7:81997250:82005423:-	white	-0.0987776232338417	0.000527481404765104	CACNA2D1	clu_35828_-	gencode	0.9695	1	1	ENST00000356860	CACNA2D1-202	white
in_trifid	chr20:3123406:3159766:-	white	-0.0986394836344422	3.69561574448344e-09	UBOX5	clu_20645_-	gencode	0.7833	0.8389	0.8389	ENST00000217173,ENST00000348031	UBOX5-201,UBOX5-202	white
in_trifid	chr19:12774897:12778300:-	white	-0.0985091105104947	1.59524280890207e-28	HOOK2	clu_7381_-	gencode	0	0	0	ENST00000589400,ENST00000589400,ENST00000589400,ENST00000590839,ENST00000590839	HOOK2-212,HOOK2-212,HOOK2-212,HOOK2-216,HOOK2-216	white
in_trifid	chr3:171686798:171687371:-	white	-0.0977858381637508	0.00262160571921438	PLD1	clu_4379_-	gencode	0.6068	1	1	ENST00000351298	PLD1-202	white
in_trifid	chr3:51942708:51943354:+	beige	0.0977758605467144	4.6591081896772e-20	PARP3	clu_18550_+	gencode	0.7373	1	1	ENST00000398755	PARP3-201	beige
in_trifid	chr17:59966467:59972835:+	beige	0.0976129800366383	2.96260708253069e-06	RNFT1-DT,AC005702.1	clu_35023_+	gencode	0.1747	0.3493	0.3493	ENST00000591035	AC005702.1-201	beige
in_trifid	chr12:55979474:55986869:+	beige	0.0974967344664106	0.000775423598034503	RAB5B	clu_10891_+	gencode	0	0	0	ENST00000548068,ENST00000548068	RAB5B-204,RAB5B-204	beige
in_trifid	chr12:121534590:121537912:-	beige	0.0969714010179921	1.80352403408417e-06	KDM2B	clu_25932_-	refseq	0.0417	0.0506	0.0506	XM_047429712	NA	beige
in_trifid	chr16:11166552:11178335:+	white	-0.0967457104302323	0.00442692999233745	CLEC16A	clu_4803_+	gencode	0.4465	0.893	0.893	ENST00000409790	CLEC16A-203	white
in_trifid	chr19:18939049:18941051:-	white	-0.0966936604313427	6.77786275217701e-06	HOMER3	clu_7509_-	gencode	0.49215	0.50195	0.50195	ENST00000392351,ENST00000594794	HOMER3-202,HOMER3-207	white
in_trifid	chr22:17803861:17808844:-	beige	0.0965829647835484	1.49273281015017e-08	MICAL3	clu_585_-	gencode	0	0	0	ENST00000577821,ENST00000577821,ENST00000584751	MICAL3-213,MICAL3-213,MICAL3-218	beige
in_trifid	chr16:65039:72513:-	beige	0.0961281553097159	0.014320045338518	RHBDF1	clu_24010_-	gencode	0.9546	1	1	ENST00000262316,ENST00000262316	RHBDF1-201,RHBDF1-201	beige
in_trifid	chr3:42621516:42627200:+	white	-0.0952103003283656	0.0020951561239009	NKTR	clu_18401_+	gencode	0.02415	0.03405	0.03405	ENST00000617821,ENST00000429888	NKTR-219,NKTR-202	white
in_trifid	chr19:8305156:8308149:-	beige	0.094073278326868	0.029145979525478	CD320	clu_7219_-	gencode	0.3366	0.50115	0.50115	ENST00000301458,ENST00000599573	CD320-201,CD320-206	beige
in_trifid	chr11:47286534:47288968:+	white	-0.0940434523267932	8.58891728210446e-07	MADD	clu_38566_+	gencode	0.894425	0.93685	0.9353	ENST00000311027,ENST00000349238,ENST00000395336,ENST00000407859	MADD-201,MADD-203,MADD-204,MADD-210	white
in_trifid	chr22:50573921:50574335:-	white	-0.093933598623351	1.95129864167298e-09	CPT1B	clu_1074_-	gencode	0	0	0	ENST00000423069	CPT1B-206	white
in_trifid	chr22:35810004:35938847:-	beige	0.093790031380451	1.80097235436981e-10	RBFOX2	clu_822_-	gencode	0.20958	0.22588	0	ENST00000438146,ENST00000359369,ENST00000408983,ENST00000408983,ENST00000408983	RBFOX2-209,RBFOX2-202,RBFOX2-206,RBFOX2-206,RBFOX2-206	beige
in_trifid	chr7:149278527:149281505:+	beige	0.0933699734040564	0.0186633124711795	ZNF783	clu_41143_+	gencode	0.5676	1	1	ENST00000434415	ZNF783-202	beige
in_trifid	chr16:69332882:69334521:-	white	-0.0930009490574206	0.000676841398084797	COG8	clu_24671_-	gencode	0.3439	0.5906	0.5906	ENST00000306875,ENST00000562081	COG8-201,COG8-202	white
in_trifid	chr1:26432518:26432891:+	beige	0.0927825396697836	9.03219259478498e-13	DHDDS	clu_13330_+	gencode	8e-04	8e-04	8e-04	ENST00000436153,ENST00000525165	DHDDS-210,DHDDS-212	beige
in_trifid	chr1:11803129:11805888:-	beige	0.0919576374223778	7.98305167329887e-05	MTHFR	clu_27518_-	gencode	0.2226	0.253175	0.02875	ENST00000376590,ENST00000641446,ENST00000641747,ENST00000641747	MTHFR-204,MTHFR-212,MTHFR-214,MTHFR-214	beige
in_trifid	chr19:45713573:45730849:-	white	-0.0914786021082963	1.39558761170087e-08	FBXO46	clu_7827_-	gencode	0.3093	0.6185	0.6185	ENST00000317683	FBXO46-201	white
in_trifid	chr3:55480918:55486980:-	beige	0.0911524289793005	0.00142616262624488	WNT5A	clu_3780_-	gencode	0.9793	0.9888	0.9888	ENST00000264634,ENST00000474267	WNT5A-201,WNT5A-202	beige
in_trifid	chr11:9575375:9575888:+	beige	0.0904506671844113	0.0257263612421959	WEE1	clu_38354_+	gencode	0.7989	0.8721	0.8721	ENST00000299613	WEE1-201	beige
in_trifid	chr17:34954599:34958560:-	white	-0.0897318633329716	0.00049905110771568	CCT6B	clu_19766_-	gencode	0.53885	0.54035	0.54035	ENST00000314144,ENST00000421975	CCT6B-201,CCT6B-202	white
in_trifid	chr7:73596789:73596865:-	white	-0.0891493988923419	6.58091731650461e-05	MLXIPL	clu_35758_-	gencode	0.3727	0.484575	0.3547	ENST00000313375,ENST00000414749,ENST00000429400,ENST00000354613	MLXIPL-201,MLXIPL-204,MLXIPL-205,MLXIPL-203	white
in_trifid	chrX:150712365:150718625:+	beige	0.0887334384112033	1.52772112682767e-06	MTMR1	clu_15646_+	gencode	0.236575	0.25	0	ENST00000445323,ENST00000493995,ENST00000493995,ENST00000493995	MTMR1-208,MTMR1-213,MTMR1-213,MTMR1-213	beige
in_trifid	chr11:66872159:66952430:-	white	-0.088276192704912	2.90110267041766e-103	PC	clu_1700_-	gencode	0.536677777777778	0.554355555555556	0.9786	ENST00000393958,ENST00000393958,ENST00000651036,ENST00000393960,ENST00000529047,ENST00000528224,ENST00000524491,ENST00000651469,ENST00000528403	PC-202,PC-202,PC-214,PC-203,PC-208,PC-206,PC-204,PC-215,PC-207	white
in_trifid	chr22:50190648:50193027:+	white	-0.087992987810418	1.51766034011471e-05	TRABD	clu_16186_+	gencode	0.9099	0.954	0.954	ENST00000395827	TRABD-203	white
in_trifid	chr7:128476875:128477082:+	white	-0.087922637148993	2.75754324820141e-47	METTL2B	clu_41011_+	gencode	0.47975	0.5	0.5	ENST00000262432,ENST00000497665	METTL2B-201,METTL2B-207	white
in_trifid	chr19:1127765:1147309:-	beige	0.087682684414697	7.07055850599298e-10	SBNO2	clu_7004_-	gencode	0.16098	0.26652	0	ENST00000361757,ENST00000587024,ENST00000587655,ENST00000590176,ENST00000590998	SBNO2-201,SBNO2-204,SBNO2-205,SBNO2-207,SBNO2-209	beige
in_trifid	chr5:96763228:96776404:-	white	-0.0871674318714296	0.0415222912812757	ERAP1	clu_5967_-	gencode	0.7383	0.8247	0.8247	ENST00000296754	ERAP1-201	white
in_trifid	chrX:149538906:149540695:-	beige	0.0861189072356766	0.000453866666586205	LINC00893,AC244197.3	clu_491_-	gencode	0.4387	0.8774	0.8774	ENST00000651111	AC244197.3-201	beige
in_trifid	chr11:844186:847201:+	white	-0.0857601505713602	9.56749019703407e-06	TSPAN4	clu_38253_+	gencode	0.5865	0.62315	0.62315	ENST00000397406,ENST00000525201	TSPAN4-205,TSPAN4-214	white
in_trifid	chr17:1484303:1491600:-	beige	0.0849291624806306	1.3535498067596e-18	MYO1C	clu_19289_-	gencode	0.9378	0.9638	0.9638	ENST00000361007	MYO1C-201	beige
in_trifid	chr18:77105286:77131539:-	white	-0.0846954289606442	1.88215728924961e-08	MBP	clu_21316_-	gencode	0.3144	0.3863	0.3863	ENST00000397863	MBP-206	white
in_trifid	chr17:28725563:28725904:-	white	-0.0844634191227522	0.00250035418088457	TLCD1	clu_19704_-	gencode	0.9197	1	1	ENST00000292090	TLCD1-201	white
in_trifid	chr8:22533018:22539469:+	beige	0.0842224377783372	9.83769869286039e-13	PPP3CC	clu_21466_+	gencode	0.5813	0.8731	0.8731	ENST00000240139,ENST00000397775	PPP3CC-201,PPP3CC-203	beige
in_trifid	chr2:210154611:210171149:-	white	-0.0833779354317082	6.86853555110113e-10	KANSL1L	clu_12779_-	gencode	0.364133333333333	0.455933333333333	0.3487	ENST00000281772,ENST00000418791,ENST00000452086	KANSL1L-201,KANSL1L-203,KANSL1L-207	white
in_trifid	chrX:139728962:139731651:-	beige	0.0829324629959651	1.00003479119527e-11	ATP11C	clu_478_-	gencode	0.3646	0.50215	0.50215	ENST00000327569,ENST00000433868	ATP11C-201,ATP11C-205	beige
in_trifid	chr5:147424963:147509478:-	white	-0.0826348145351073	7.4748812910385e-17	DPYSL3	clu_6212_-	gencode	0.8819	1	1	ENST00000343218	DPYSL3-201	white
in_trifid	chr13:41257796:41260493:-	white	-0.0822980201489349	3.09029387893078e-07	MTRF1	clu_17869_-	gencode	0.0026	0.0027	0.0027	ENST00000430347,ENST00000239852	MTRF1-204,MTRF1-201	white
in_trifid	chr19:48633655:48634508:-	beige	0.0817894128402508	0.00053586446403816	DBP	clu_7898_-	gencode	0.0967	0.1004	0.1004	ENST00000599385	DBP-204	beige
in_trifid	chr3:29281756:29434746:+	white	-0.0817276008615608	5.74687631504671e-29	RBMS3	clu_18299_+	gencode	0.54215	0.70655	0.70655	ENST00000434693,ENST00000383766	RBMS3-205,RBMS3-202	white
in_trifid	chr2:72179461:72182894:-	beige	0.0815117768204753	9.35755655917632e-08	EXOC6B	clu_12026_-	gencode	0.9083	0.9263	0.9263	ENST00000634650	EXOC6B-209	beige
in_trifid	chr14:23143204:23155166:-	beige	0.0807801964428664	5.47046731627239e-12	SLC7A8	clu_16295_-	gencode	0.03865	0.04115	0.04115	ENST00000529705,ENST00000339733	SLC7A8-212,SLC7A8-202	beige
in_trifid	chr12:925525:926796:-	white	-0.0803958073098523	0.0450189158415155	RAD52	clu_24942_-	gencode	0.0059	0.00894444444444444	0	ENST00000545564,ENST00000461568,ENST00000468231,ENST00000468231,ENST00000468231,ENST00000468231,ENST00000543912,ENST00000543912,ENST00000543912	RAD52-218,RAD52-205,RAD52-207,RAD52-207,RAD52-207,RAD52-207,RAD52-216,RAD52-216,RAD52-216	white
in_trifid	chr3:12941865:13047478:-	beige	0.0801510218100522	2.97932138150893e-15	IQSEC1	clu_3320_-	gencode	0.4132	0.4939	0.4939	ENST00000648114	IQSEC1-208	beige
in_trifid	chr16:11964026:11976568:-	beige	0.0796948721602572	4.49996214502001e-05	NPIPB2	clu_24215_-	gencode	0.0094	0.0188	0.0188	ENST00000673243	NPIPB2-208	beige
in_trifid	chr1:240245565:240257945:+	white	-0.0794879518652875	0.0134642832664134	FMN2	clu_15045_+	gencode	0	0	0	ENST00000441342,ENST00000441342,ENST00000441342,ENST00000441342	FMN2-202,FMN2-202,FMN2-202,FMN2-202	white
in_trifid	chr5:134524429:134535858:+	white	-0.0792462610540042	0.00455157899276505	JADE2	clu_22660_+	gencode	0.6302	1	1	ENST00000512386	JADE2-209	white
in_trifid	chr11:129123929:129124803:-	white	-0.07892345414362	6.7454362743811e-05	ARHGAP32	clu_2136_-	gencode	0	0	0	ENST00000525234,ENST00000525234	ARHGAP32-204,ARHGAP32-204	white
in_trifid	chr9:127424803:127428832:+	beige	0.0771577941947175	0.00859343493672885	ZNF79	clu_17446_+	gencode	0.9058	1	1	ENST00000342483	ZNF79-201	beige
in_trifid	chr14:24114924:24115543:+	beige	0.0770812680728506	0.0024688307829121	DCAF11	clu_33556_+	gencode	0.136785714285714	0.142857142857143	0	ENST00000559115,ENST00000560901,ENST00000560901,ENST00000560901,ENST00000561375,ENST00000561375,ENST00000561375	DCAF11-217,DCAF11-233,DCAF11-233,DCAF11-233,DCAF11-238,DCAF11-238,DCAF11-238	beige
in_trifid	chr22:38169471:38181784:-	white	-0.0770362580601398	1.17519137916942e-13	PLA2G6	clu_868_-	gencode	0.244971428571429	0.258542857142857	0.0021	ENST00000667521,ENST00000402064,ENST00000664587,ENST00000668499,ENST00000673413,ENST00000436218,ENST00000436218	PLA2G6-234,PLA2G6-203,PLA2G6-232,PLA2G6-236,PLA2G6-239,PLA2G6-211,PLA2G6-211	white
in_trifid	chr10:96057000:96057124:+	beige	0.0769196391721155	0.0138865744532191	CCNJ	clu_29884_+	gencode	0.6725	0.7039	0.7039	ENST00000403870	CCNJ-202	beige
in_trifid	chr9:13140149:13150511:-	beige	0.0765939355785324	9.36143263721501e-09	MPDZ	clu_9549_-	gencode	0.00463333333333333	0.00523333333333333	0	ENST00000545857,ENST00000433359,ENST00000433359	MPDZ-218,MPDZ-205,MPDZ-205	beige
in_trifid	chr11:76453388:76454749:+	beige	0.0754493167765648	1.35051944500116e-05	EMSY	clu_39030_+	gencode	0.615333333333333	0.644333333333333	0.9081	ENST00000524767,ENST00000525038,ENST00000533248	EMSY-205,EMSY-206,EMSY-215	beige
in_trifid	chr6:163563719:163565946:+	beige	0.0753188567734855	2.70386872507002e-15	QKI	clu_23974_+	gencode	0.72785	0.7388	0.7388	ENST00000453779,ENST00000361758	QKI-207,QKI-204	beige
in_trifid	chr7:143621020:143719683:+	white	-0.0748884643434414	0.003227172584564	TCAF2	clu_41120_+	refseq	7e-04	7e-04	7e-04	NM_001365428	NA	white
in_trifid	chr1:45334511:45339976:-	white	-0.0747903905408643	0.0261577559826845	MUTYH	clu_27982_-	gencode	0.0900777777777778	0.174255555555556	0.0058	ENST00000355498,ENST00000354383,ENST00000435155,ENST00000488731,ENST00000475516,ENST00000470256,ENST00000672764,ENST00000531105,ENST00000673134	MUTYH-202,MUTYH-201,MUTYH-208,MUTYH-231,MUTYH-220,MUTYH-218,MUTYH-244,MUTYH-237,MUTYH-246	white
in_trifid	chrX:154863227:154886134:-	beige	0.0747683884342563	1.99849122113699e-11	F8	clu_565_-	gencode	0.0328	0.0452	0.0452	ENST00000330287	F8-201	beige
in_trifid	chr6:169457634:169582836:-	white	-0.0743085536816677	0.00897505150526562	WDR27	clu_33477_-	gencode	0.3796	0.7591	0.7591	ENST00000423258	WDR27-201	white
in_trifid	chr18:76928106:76935980:+	beige	0.0742798872368284	0.0297426134277318	ZNF236	clu_3239_+	gencode	0.0544	0.0686	0.0686	ENST00000543926	ZNF236-203	beige
in_trifid	chr18:31666372:31724494:-	beige	0.074104925149023	1.4965007538621e-09	B4GALT6	clu_21176_-	refseq	0.0461	0.0461	0.0461	XM_005258387	NA	beige
in_trifid	chr22:27990007:27990789:-	beige	0.0739749073567091	0.0029379122322416	TTC28	clu_727_-	gencode	0.58035	0.6438	0.6438	ENST00000397906,ENST00000612946	TTC28-201,TTC28-208	beige
in_trifid	chr3:193626202:193631612:+	beige	0.0737361053246169	7.77684619843842e-18	OPA1	clu_19197_+	gencode	0.37135	0.383316666666667	0.2255	ENST00000361908,ENST00000361510,ENST00000361150,ENST00000361715,ENST00000434811,ENST00000646277	OPA1-205,OPA1-202,OPA1-201,OPA1-203,OPA1-210,OPA1-229	beige
in_trifid	chr11:47175313:47175851:-	white	-0.0730930737821937	2.26449272450062e-06	ARFGAP2	clu_1389_-	gencode	0.129255555555556	0.129944444444444	0.0083	ENST00000524782,ENST00000426335,ENST00000525314,ENST00000525398,ENST00000528444,ENST00000529455,ENST00000528708,ENST00000529439,ENST00000532478	ARFGAP2-205,ARFGAP2-202,ARFGAP2-206,ARFGAP2-207,ARFGAP2-217,ARFGAP2-220,ARFGAP2-218,ARFGAP2-219,ARFGAP2-226	white
in_trifid	chr1:26827139:26832447:+	beige	0.0722490792095108	2.83357699886566e-09	ZDHHC18	clu_13345_+	gencode	0.4952	0.9904	0.9904	ENST00000374142	ZDHHC18-202	beige
in_trifid	chr15:99251984:99255898:+	beige	0.0721938736024688	2.72086095368522e-14	LRRC28	clu_30897_+	gencode	0.016	0.016	0.016	ENST00000558861	LRRC28-209	beige
in_trifid	chr17:17857855:17861476:-	beige	0.0717125593347952	9.30504453759111e-11	TOM1L2	clu_19613_-	gencode	0.12465	0.12605	0.12605	ENST00000535933,ENST00000542206	TOM1L2-207,TOM1L2-210	beige
in_trifid	chr4:1179541:1201269:-	white	-0.0712809433155532	1.84438601095178e-30	SPON2	clu_36362_-	gencode	3e-04	3e-04	3e-04	ENST00000511672	SPON2-215	white
in_trifid	chr10:29527056:29529705:-	beige	0.0704147316260134	8.24537196255116e-20	SVIL	clu_37534_-	gencode	0.7742	1	1	ENST00000355867	SVIL-201	beige
in_trifid	chr4:109718759:109729602:-	beige	0.0702300535127001	1.11364720011209e-25	PLA2G12A	clu_36806_-	gencode	0.67585	0.8019	0.8019	ENST00000243501,ENST00000502283	PLA2G12A-201,PLA2G12A-202	beige
in_trifid	chr3:42653883:42658275:+	white	-0.0698563171808144	9.68335560003143e-05	ZBTB47	clu_18406_+	gencode	0.5022	1	1	ENST00000232974	ZBTB47-201	white
in_trifid	chr17:4951182:4951828:+	white	-0.0695604518703987	0.0177723430878002	ENO3	clu_34253_+	gencode	0.20026	0.20084	0	ENST00000519602,ENST00000519584,ENST00000521659,ENST00000521659,ENST00000521659	ENO3-207,ENO3-206,ENO3-210,ENO3-210,ENO3-210	white
in_trifid	chr17:2188515:2214139:-	white	-0.0689803900283148	1.02416682055582e-05	SMG6	clu_19317_-	gencode	0	0	0	ENST00000572369,ENST00000572369	SMG6-211,SMG6-211	white
in_trifid	chr5:79985659:79986950:-	beige	0.0688559548589048	1.00048914002077e-07	MTX3	clu_5892_-	gencode	0.50395	0.5292	0.5292	ENST00000512528,ENST00000512560	MTX3-202,MTX3-203	beige
in_trifid	chr11:62728227:62728823:+	beige	0.0677442471336435	0.0119099100688388	TTC9C	clu_38652_+	gencode	0.0234	0.0238	0.0238	ENST00000530625	TTC9C-203	beige
in_trifid	chr16:20799067:20799263:-	beige	0.0675458843046274	0.00706322268199124	ERI2	clu_24326_-	gencode	0.173825	0.262175	0.0241	ENST00000357967,ENST00000564349,ENST00000563117,ENST00000568805	ERI2-202,ERI2-208,ERI2-206,ERI2-214	beige
in_trifid	chr14:75633696:75634910:+	beige	0.0674028561416343	1.15779317729094e-49	FLVCR2,TTLL5	clu_33907_+	gencode	0.1407	0.1854	0.00595	ENST00000238667,ENST00000539311,ENST00000555027,ENST00000553341,ENST00000553587,ENST00000554580	FLVCR2-201,FLVCR2-202,FLVCR2-207,FLVCR2-203,FLVCR2-204,FLVCR2-206	beige
in_trifid	chr17:63412130:63412680:+	beige	0.0670977203673829	3.69355273477322e-05	TANC2	clu_35054_+	gencode	0.5067	0.5817	0.5817	ENST00000389520	TANC2-201	beige
in_trifid	chr11:65377076:65379867:-	white	-0.0668916114810209	1.21263345919937e-07	SLC25A45	clu_1646_-	gencode	0.1365	0.1472	0.1472	ENST00000526432	SLC25A45-206	white
in_trifid	chr2:97091988:97094701:-	beige	0.0661055969288061	7.4156440494974e-05	FAHD2B	clu_12209_-	gencode	0.8849	0.9728	0.9728	ENST00000414820	FAHD2B-202	beige
in_trifid	chr19:38325577:38326593:+	white	-0.065928643913863	0.0313959796560538	KCNK6	clu_26775_+	refseq	0.0146	0.0147	0.0147	XM_047439726	NA	white
in_trifid	chr11:8717892:8718428:-	beige	0.0653895518870461	1.73520476658632e-12	ST5	clu_1234_-	gencode	0.1433	0.1569	0.1569	ENST00000530991	ST5-237	beige
in_trifid	chr2:11249798:11286539:-	white	-0.0653565599847727	1.07688881323128e-10	ROCK2	clu_11594_-	gencode	0.246725	0.2533	0.0066	ENST00000315872,ENST00000616279,ENST00000261535,ENST00000431087	ROCK2-202,ROCK2-209,ROCK2-201,ROCK2-204	white
in_trifid	chr4:82842481:82844386:-	beige	0.0650213301616344	1.30132563953526e-25	SEC31A	clu_36665_-	gencode	0.51961	0.59966	0.6698	ENST00000395310,ENST00000508502,ENST00000355196,ENST00000448323,ENST00000505472,ENST00000348405,ENST00000505984,ENST00000443462,ENST00000264405,ENST00000503937	SEC31A-205,SEC31A-227,SEC31A-204,SEC31A-208,SEC31A-215,SEC31A-203,SEC31A-217,SEC31A-207,SEC31A-201,SEC31A-213	beige
in_trifid	chr2:62988038:62990716:+	white	-0.064702304059771	2.06882297003279e-21	EHBP1	clu_31289_+	gencode	0.465375	0.4929	0.48525	ENST00000263991,ENST00000405289,ENST00000422032,ENST00000422032	EHBP1-201,EHBP1-203,EHBP1-206,EHBP1-206	white
in_trifid	chr12:55721494:55721689:+	beige	0.0644493230405989	5.16706489410909e-74	RDH5	clu_10876_+	gencode	0.451725	0.50025	0.5005	ENST00000257895,ENST00000548082,ENST00000547072,ENST00000552930	RDH5-201,RDH5-204,RDH5-202,RDH5-209	beige
in_trifid	chr5:65652545:65655636:+	white	-0.0635459963704988	2.0725983453178e-14	TRAPPC13	clu_22299_+	gencode	0.46225	0.48725	0.4745	ENST00000438419,ENST00000399438,ENST00000504243,ENST00000504243	TRAPPC13-204,TRAPPC13-202,TRAPPC13-205,TRAPPC13-205	white
in_trifid	chr11:63763869:63764038:-	white	-0.0634754905057813	0.00785687320119057	C11orf95	clu_1587_-	gencode	0.3546	0.7092	0.7092	ENST00000433688	C11orf95-202	white
in_trifid	chr3:157495506:157533513:-	beige	0.0632787995991313	1.98084823854415e-17	VEPH1	clu_4327_-	gencode	0.00113333333333333	0.00156666666666667	6e-04	ENST00000475050,ENST00000473907,ENST00000487753	VEPH1-209,VEPH1-208,VEPH1-214	beige
in_trifid	chr12:114679972:114680879:-	beige	0.0628157053475832	2.6445648458338e-07	TBX3	clu_25851_-	gencode	0.7552	0.8596	0.8596	ENST00000257566	TBX3-201	beige
in_trifid	chr14:31403049:31420472:-	white	-0.0625554648796214	3.98235323151556e-27	HEATR5A	clu_16386_-	gencode	0.4091	0.52875	0.52875	ENST00000543095,ENST00000382464	HEATR5A-203,HEATR5A-201	white
in_trifid	chr8:119596002:119600678:-	white	-0.0625469314929926	2.21413095988593e-17	ENPP2	clu_8953_-	gencode	0.8729	0.9835	0.9835	ENST00000259486	ENPP2-202	white
in_trifid	chr7:5394595:5421060:-	white	-0.062133192404672	0.026587002873786	TNRC18	clu_35421_-	gencode	0.38505	0.755	0.755	ENST00000430969,ENST00000399537	TNRC18-205,TNRC18-203	white
in_trifid	chr20:13814515:13816463:+	white	-0.0620654297363708	0.00010647990492855	NDUFAF5	clu_6504_+	gencode	0.1432	0.1611	0.1611	ENST00000378081	NDUFAF5-201	white
in_trifid	chr9:128267274:128267458:-	beige	0.0620370645007166	9.37888409159054e-15	GOLGA2	clu_10181_-	gencode	0.286	0.512666666666667	0.5363	ENST00000611957,ENST00000421699,ENST00000450617	GOLGA2-214,GOLGA2-201,GOLGA2-202	beige
in_trifid	chr10:67956976:67959113:-	beige	0.0609722848137052	3.01962703258556e-10	HERC4	clu_37696_-	gencode	0.385166666666667	0.388266666666667	0.1123	ENST00000395198,ENST00000412272,ENST00000277817	HERC4-204,HERC4-205,HERC4-201	beige
in_trifid	chr19:3633169:3633437:-	beige	0.0606613831532391	6.26773678174797e-05	PIP5K1C	clu_7090_-	gencode	0.5083	0.7924	0.7924	ENST00000335312	PIP5K1C-201	beige
in_trifid	chr2:54457269:54526372:+	white	-0.0605111759005725	1.01487646497363e-07	SPTBN1	clu_31236_+	refseq	0.8928	0.8996	0.8996	XM_006712087	NA	white
in_trifid	chr1:31733143:31735183:-	beige	0.0603900026135593	0.00668032742856474	ADGRB2	clu_27790_-	gencode	0.357775	0.616825	0.59675	ENST00000398538,ENST00000373655,ENST00000373658,ENST00000398547	ADGRB2-203,ADGRB2-201,ADGRB2-202,ADGRB2-205	beige
in_trifid	chr5:7865983:7866646:-	beige	0.0602276030444543	6.06154635464101e-07	FASTKD3	clu_5623_-	gencode	0.263933333333333	0.337833333333333	0.0102	ENST00000264669,ENST00000507036,ENST00000511261	FASTKD3-201,FASTKD3-204,FASTKD3-206	beige
in_trifid	chr3:107525490:107526327:+	white	-0.059912606911794	1.93364309291729e-13	BBX	clu_18726_+	gencode	0.0352	0.0375	0.0375	ENST00000456419	BBX-217	white
in_trifid	chr2:39755960:39757248:-	white	-0.0596983899895012	0.00150436392154386	THUMPD2	clu_11822_-	gencode	0.0031	0.0047	0.0047	ENST00000378727	THUMPD2-201	white
in_trifid	chr19:47257654:47258330:+	white	-0.0585681851926852	4.82925468889437e-06	CCDC9	clu_27002_+	gencode	7e-04	0.0013	0.0013	ENST00000595659	CCDC9-202	white
in_trifid	chr22:29531110:29531831:-	white	-0.0576668686203248	1.66572219043792e-09	THOC5	clu_752_-	gencode	0.0011	0.00115	0.00115	ENST00000442555,ENST00000443089	THOC5-209,THOC5-210	white
in_trifid	chr22:29329720:29330378:-	beige	0.0572364811407481	3.93928454546068e-11	AP1B1	clu_741_-	gencode	0.94895	0.9791	0.9791	ENST00000357586,ENST00000405198	AP1B1-202,AP1B1-204	beige
in_trifid	chr19:15123576:15124925:-	beige	0.0566722191922185	8.06752430708713e-09	ILVBL	clu_7433_-	gencode	0.329966666666667	0.338766666666667	0.0134	ENST00000263383,ENST00000527093,ENST00000533747	ILVBL-201,ILVBL-204,ILVBL-208	beige
in_trifid	chr7:44759460:44760151:+	beige	0.0556373466016658	5.02807923107296e-09	ZMIZ2	clu_40522_+	gencode	0.64595	0.6997	0.80825	ENST00000441627,ENST00000309315,ENST00000433667,ENST00000615423	ZMIZ2-206,ZMIZ2-202,ZMIZ2-205,ZMIZ2-215	beige
in_trifid	chr3:140963227:140966934:+	white	-0.0553735741914879	3.36556704655756e-09	SLC25A36	clu_18937_+	gencode	7e-04	7e-04	7e-04	ENST00000512506,ENST00000648615	SLC25A36-211,SLC25A36-216	white
in_trifid	chr10:69195265:69196992:+	white	-0.0548316923290431	0.000985370175268473	SUPV3L1	clu_29676_+	gencode	0.3811	0.50225	0.50225	ENST00000359655,ENST00000422378	SUPV3L1-201,SUPV3L1-202	white
in_trifid	chr4:128009621:128011683:+	white	-0.0544705609181715	0.000370460125954126	ABHD18	clu_40017_+	refseq	0.12005	0.120766666666667	0.1211	NM_001366040,NM_001366046,NM_001366037,NM_001319307,NM_001366038,NM_001366042	NA,NA,NA,NA,NA,NA	white
in_trifid	chr21:46635763:46636439:+	beige	0.0522594591318661	2.71993975779022e-27	PRMT2	clu_9485_+	gencode	0.5914	1	1	ENST00000355680	PRMT2-203	beige
in_trifid	chr16:71880023:71881317:-	white	-0.0518883788115942	0.0157216140670677	ZNF821	clu_24742_-	gencode	0.03112	0.03162	7e-04	ENST00000568666,ENST00000562808,ENST00000562985,ENST00000563878,ENST00000568961	ZNF821-218,ZNF821-207,ZNF821-208,ZNF821-210,ZNF821-219	white
in_trifid	chr9:129108077:129109179:-	white	-0.0484260018903034	2.28823916273719e-08	CRAT	clu_10209_-	gencode	0.0044	0.0049	0.0049	ENST00000458362	CRAT-207	white
in_trifid	chr9:129139649:129142445:+	white	-0.0479471976574538	1.60896274210898e-11	PTPA	clu_17541_+	gencode	3e-04	4e-04	4e-04	ENST00000423100	PTPA-214	white
in_trifid	chr17:8176026:8176200:-	white	-0.0479164253223331	2.36088203961474e-07	TMEM107	clu_19505_-	gencode	0.27692	0.30598	0.1321	ENST00000437139,ENST00000316425,ENST00000533070,ENST00000431792,ENST00000532998	TMEM107-204,TMEM107-201,TMEM107-209,TMEM107-203,TMEM107-208	white
in_trifid	chr4:38053225:38054199:+	beige	0.0466330408460281	1.26842894080713e-13	TBC1D1	clu_39642_+	gencode	0.07215	0.09355	0.09355	ENST00000508802,ENST00000510573	TBC1D1-214,TBC1D1-216	beige
in_trifid	chr5:113151422:113340519:-	white	-0.0457198120940889	0.00156506013988013	MCC	clu_6011_-	gencode	0.438	0.7013	0.7013	ENST00000408903	MCC-202	white
in_trifid	chr7:128405865:128409756:-	beige	0.0440190170524229	4.00603998467593e-31	IMPDH1	clu_36127_-	gencode	0.4339	0.6368	0.6368	ENST00000348127	IMPDH1-202	beige
in_trifid	chr1:248917401:248930113:+	beige	0.0412845433421343	5.10772985430165e-06	PGBD2	clu_15093_+	refseq	0	0	0	XM_047417845	NA	beige
in_trifid	chr12:122351143:122352726:-	beige	0.0411897487490092	2.31472580648404e-11	CLIP1	clu_25945_-	gencode	0.946	0.9844	0.9844	ENST00000620786	CLIP1-220	beige
in_trifid	chr3:141386937:141403927:+	white	-0.0392505856499124	1.56953605209338e-13	ZBTB38	clu_18942_+	gencode	0.010925	0.02185	0.01065	ENST00000636289,ENST00000503809,ENST00000513258,ENST00000507722	ZBTB38-221,ZBTB38-203,ZBTB38-217,ZBTB38-207	white
in_trifid	chr19:56462429:56474012:-	beige	0.0391665374946719	0.0410384392880367	ZNF667	clu_8082_-	refseq	0.8319	0.8578	0.8578	XM_024451645,XM_047439211,XM_047439212	NA,NA,NA	beige
in_trifid	chr14:102233789:102240452:-	white	-0.0375944548311776	6.29061496552e-10	MOK	clu_16782_-	gencode	0.00483333333333333	0.0049	0.0061	ENST00000523231,ENST00000524370,ENST00000559138	MOK-228,MOK-234,MOK-236	white
in_trifid	chr19:57889008:57901657:-	beige	0.0347461285383765	0.0010608994507431	AC010326.2	clu_8097_-	gencode	0.1866	0.3732	0.3732	ENST00000602124	AC010326.2-201	beige
in_trifid	chr2:144235737:144331494:-	beige	0.0272898376355121	2.92846618167269e-21	GTDC1	clu_12446_-	refseq	0.2288	0.2291	0.0739	XM_047445842,NM_001376315,NM_001376318,NM_001376324,NM_001354355	NA,NA,NA,NA,NA	beige
in_trifid	chrX:52956755:52957088:-	white	-0.0240905650170133	3.83884530222283e-05	FAM156A	clu_208_-	gencode	0.172	0.344	0.344	ENST00000612915,ENST00000619586	FAM156A-206,FAM156A-216	white
not_in_trifid	chr10:103661114:103668608:-	beige	0.158677606406862	4.02669411380625e-18	SH3PXD2A	clu_38044_-	gencode	-0.1	-0.1	-0.1	ENST00000315994	NA	sig_beige
not_in_trifid	chr10:110008299:110100625:+	beige	0.170616801436038	5.05810678940248e-51	ADD3	clu_30022_+	gencode	-0.1	-0.1	-0.1	ENST00000475954,ENST00000487085,ENST00000497125	NA	sig_beige
not_in_trifid	chr10:132245955:132249030:-	white	-0.0684048960156062	1.10050822637279e-16	STK32C	clu_38176_-	gencode	-0.1	-0.1	-0.1	ENST00000462160	NA	white
not_in_trifid	chr10:29569312:29648117:-	white	-0.151270137792128	8.17872478822574e-25	ENSG00000197321.10	clu_37538_-	fantom_cat	-0.1	-0.1	-0.1	FTMT23700033751,FTMT23700046737,FTMT23700046735	NA	sig_white
not_in_trifid	chr10:29686651:29736685:-	beige	0.347930069532154	1.05789639880882e-24	SVIL	clu_37540_-	gencode	-0.1	-0.1	-0.1	ENST00000465422	NA	sig_beige
not_in_trifid	chr10:310092:310469:-	beige	0.112251105884668	8.65730909529162e-52	NA	clu_37352_-	cryptic	-0.1	-0.1	-0.1	Unknown	NA	sig_beige
not_in_trifid	chr10:51699209:51804585:+	beige	0.270065918722277	6.40077305502707e-20	NA	clu_29623_+	cryptic	-0.1	-0.1	-0.1	Unknown	NA	sig_beige
not_in_trifid	chr10:51938221:52054484:+	white	-0.0679620111264271	0.00154186607754743	NA	clu_29624_+	cryptic	-0.1	-0.1	-0.1	Unknown	NA	white
not_in_trifid	chr10:69180562:69185987:+	beige	0.100960142731265	0.000985370175268473	SUPV3L1	clu_29676_+	gencode	-0.1	-0.1	-0.1	ENST00000471069	NA	sig_beige
not_in_trifid	chr10:69195265:69196992:+	white	-0.0548316923290431	0.000985370175268473	SUPV3L1	clu_29676_+	gencode	-0.1	-0.1	-0.1	ENST00000478227	NA	white
not_in_trifid	chr10:89635065:89643697:-	beige	0.0704999294654079	3.21141326392683e-25	ENSG00000152782.12	clu_37849_-	fantom_cat	-0.1	-0.1	-0.1	MICT00000045951,ENCT00000058332	NA	beige
not_in_trifid	chr10:91220836:91222689:+	beige	0.155331763792297	9.43590156803923e-06	PCGF5	clu_29834_+	gencode	-0.1	-0.1	-0.1	ENST00000490164,ENST00000496708	NA	sig_beige
not_in_trifid	chr11:10193987:10300406:-	white	-0.0973719771969022	1.17934588457191e-07	SBF2	clu_1262_-	refseq	-0.1	-0.1	-0.1	NM_001424318	NA	white
not_in_trifid	chr11:10367387:10410757:+	beige	0.0480235676820768	0.00174225534756611	ENSG00000133805.11	clu_38363_+	fantom_cat	-0.1	-0.1	-0.1	ENCT00000064282	NA	beige
not_in_trifid	chr11:110093223:110136663:+	white	-0.107518302763443	0.0146676677640521	ENSG00000149289.6	clu_39164_+	fantom_cat	-0.1	-0.1	-0.1	FTMT24300058932,FTMT24300031146,FTMT24300030768,FTMT24300006040	NA	sig_white
not_in_trifid	chr11:111844723:111845179:-	beige	0.133390432988258	2.7802386172716e-62	ALG9	clu_2011_-	gencode	-0.1	-0.1	-0.1	ENST00000527294	NA	sig_beige
not_in_trifid	chr11:111844723:111845565:-	beige	0.145281774386017	2.7802386172716e-62	NA	clu_2011_-	cryptic	-0.1	-0.1	-0.1	Unknown	NA	sig_beige
not_in_trifid	chr11:111844723:111853380:-	white	-0.387948797382457	2.7802386172716e-62	ALG9,AP001781.2	clu_2011_-	gencode	-0.1	-0.1	-0.1	ENST00000527714	NA	sig_white
not_in_trifid	chr11:111923754:111924326:+	beige	0.279403445614825	3.05878191842422e-19	ENSG00000149300.5	clu_39178_+	fantom_cat	-0.1	-0.1	-0.1	HBMT00000231552	NA	sig_beige
not_in_trifid	chr11:111968638:111974023:+	beige	0.113056663246896	2.62089230411348e-11	DIXDC1	clu_39182_+	gencode	-0.1	-0.1	-0.1	ENST00000528399	NA	sig_beige
not_in_trifid	chr11:112016796:112017777:+	white	-0.118849465368142	4.20740473920874e-19	DIXDC1	clu_39188_+	gencode	-0.1	-0.1	-0.1	ENST00000618522,ENST00000526500	NA	sig_white
not_in_trifid	chr11:112017470:112017777:+	beige	0.114748831119823	4.20740473920874e-19	ENSG00000150764.9	clu_39188_+	fantom_cat	-0.1	-0.1	-0.1	FTMT24300037885	NA	sig_beige
not_in_trifid	chr11:112017885:112018956:+	white	-0.112432763498182	1.28801385168606e-30	DIXDC1	clu_39189_+	gencode	-0.1	-0.1	-0.1	ENST00000526500,ENST00000618522,ENST00000526418	NA	sig_white
not_in_trifid	chr11:112018322:112018956:+	beige	0.112153527214249	1.28801385168606e-30	ENSG00000150764.9	clu_39189_+	fantom_cat	-0.1	-0.1	-0.1	FTMT24300058960	NA	sig_beige
not_in_trifid	chr11:119011311:119011939:+	white	-0.111479839092952	0.000559859056908812	CCDC84	clu_39274_+	gencode	-0.1	-0.1	-0.1	ENST00000524670,ENST00000528088,ENST00000580556,ENST00000583842	NA	sig_white
not_in_trifid	chr11:119131982:119132243:+	white	-0.057884518126419	0.0129553419626226	HINFP	clu_39294_+	gencode	-0.1	-0.1	-0.1	ENST00000529808	NA	white
not_in_trifid	chr11:119131982:119132496:+	beige	0.107756792532786	0.0129553419626226	HINFP	clu_39294_+	gencode	-0.1	-0.1	-0.1	ENST00000531022	NA	sig_beige
not_in_trifid	chr11:35211449:35214852:+	beige	0.135535775416067	2.12231776361399e-69	CD44	clu_38484_+	gencode	-0.1	-0.1	-0.1	ENST00000525293	NA	sig_beige
not_in_trifid	chr11:36376704:36393846:+	white	-0.135800303934598	1.43239427363627e-14	PRR5L	clu_38490_+	gencode	-0.1	-0.1	-0.1	ENST00000532578,ENST00000527751	NA	sig_white
not_in_trifid	chr11:36451335:36462342:+	beige	0.129273597558545	0.0373169595235932	PRR5L	clu_38492_+	gencode	-0.1	-0.1	-0.1	ENST00000389693	NA	sig_beige
not_in_trifid	chr11:47172333:47173426:-	beige	0.103151697327306	2.26449272450062e-06	ARFGAP2	clu_1389_-	gencode	-0.1	-0.1	-0.1	ENST00000527097,ENST00000395449	NA	sig_beige
not_in_trifid	chr11:47175313:47175851:-	white	-0.0730930737821937	2.26449272450062e-06	ARFGAP2	clu_1389_-	gencode	-0.1	-0.1	-0.1	ENST00000527097,ENST00000533939,ENST00000531750,ENST00000530794,ENST00000395449,ENST00000524727,ENST00000529599	NA	white
not_in_trifid	chr11:47286534:47289391:+	beige	0.147231395872611	8.58891728210446e-07	MADD	clu_38566_+	gencode	-0.1	-0.1	-0.1	ENST00000524686	NA	sig_beige
not_in_trifid	chr11:58570713:58575760:-	white	-0.231264569138008	2.44521915392778e-09	LPXN	clu_1449_-	gencode	-0.1	-0.1	-0.1	ENST00000529915	NA	sig_white
not_in_trifid	chr11:62600689:62601423:-	beige	0.105696383729218	0.0108934125470197	MTA2	clu_1527_-	gencode	-0.1	-0.1	-0.1	ENST00000526844	NA	sig_beige
not_in_trifid	chr11:64246089:64247953:+	white	-0.112482563829699	1.57293888633902e-07	PPP1R14B-AS1	clu_38705_+	gencode	-0.1	-0.1	-0.1	ENST00000544553	NA	sig_white
not_in_trifid	chr11:64247259:64247953:+	beige	0.0933690636200814	1.57293888633902e-07	PPP1R14B-AS1	clu_38705_+	gencode	-0.1	-0.1	-0.1	ENST00000538355,ENST00000652899	NA	beige
not_in_trifid	chr11:65381969:65382486:-	beige	0.136067188312682	1.64159576620943e-14	SLC25A45	clu_1647_-	gencode	-0.1	-0.1	-0.1	ENST00000529431	NA	sig_beige
not_in_trifid	chr11:691598:706572:-	white	-0.130666714400149	0.000154900431194438	DEAF1	clu_1114_-	gencode	-0.1	-0.1	-0.1	ENST00000525626	NA	sig_white
not_in_trifid	chr11:71480274:71480755:+	white	-0.116286751129949	0.0179768398343382	NADSYN1	clu_38959_+	gencode	-0.1	-0.1	-0.1	ENST00000527227,ENST00000526039	NA	sig_white
not_in_trifid	chr11:7577638:7593132:+	white	-0.102681454033065	6.11153550758846e-05	PPFIBP2	clu_38330_+	gencode	-0.1	-0.1	-0.1	ENST00000532926	NA	sig_white
not_in_trifid	chr11:76453388:76454749:+	beige	0.0754493167765648	1.35051944500116e-05	EMSY	clu_39030_+	gencode	-0.1	-0.1	-0.1	ENST00000427574	NA	beige
not_in_trifid	chr11:76453388:76458183:+	white	-0.150077581014454	1.35051944500116e-05	EMSY	clu_39030_+	gencode	-0.1	-0.1	-0.1	ENST00000528826	NA	sig_white
not_in_trifid	chr11:804463:809412:-	beige	0.107909277185479	0.0257366926592164	PIDD1	clu_1129_-	gencode	-0.1	-0.1	-0.1	ENST00000534525,ENST00000534649	NA	sig_beige
not_in_trifid	chr11:806095:809412:-	white	-0.0495992758755855	0.0257366926592164	PIDD1	clu_1129_-	gencode	-0.1	-0.1	-0.1	ENST00000530911	NA	white
not_in_trifid	chr11:8717892:8726073:-	white	-0.139862639226817	1.73520476658632e-12	ST5	clu_1234_-	gencode	-0.1	-0.1	-0.1	ENST00000533425,ENST00000532651,ENST00000527870	NA	sig_white
not_in_trifid	chr12:104601609:104601906:+	beige	0.124554151055933	1.79691404699197e-09	ENSG00000171310.6	clu_11204_+	fantom_cat	-0.1	-0.1	-0.1	ENCT00000095404,FTMT24700031393,ENCT00000095402	NA	sig_beige
not_in_trifid	chr12:121534590:121548877:-	white	-0.240807624814509	1.80352403408417e-06	KDM2B	clu_25932_-	gencode	-0.1	-0.1	-0.1	ENST00000538503	NA	sig_white
not_in_trifid	chr12:122341697:122352726:-	white	-0.110493795323906	2.31472580648404e-11	CLIP1	clu_25945_-	gencode	-0.1	-0.1	-0.1	ENST00000541410	NA	sig_white
not_in_trifid	chr12:122351143:122352726:-	beige	0.0411897487490092	2.31472580648404e-11	CLIP1	clu_25945_-	gencode	-0.1	-0.1	-0.1	ENST00000537004,ENST00000540338	NA	beige
not_in_trifid	chr12:122835006:122848031:+	beige	0.180072288842253	0.0452328404408527	HIP1R	clu_11418_+	gencode	-0.1	-0.1	-0.1	ENST00000535831	NA	sig_beige
not_in_trifid	chr12:122835643:122848031:+	white	-0.180072288842253	0.0452328404408527	HIP1R	clu_11418_+	gencode	-0.1	-0.1	-0.1	ENST00000452196	NA	sig_white
not_in_trifid	chr12:132710160:132714858:+	beige	0.196094363721169	4.19432542591768e-10	NA	clu_11517_+	cryptic	-0.1	-0.1	-0.1	Unknown	NA	sig_beige
not_in_trifid	chr12:132933155:132945621:-	beige	0.114410939483564	2.21201862207287e-08	ZNF605	clu_26071_-	gencode	-0.1	-0.1	-0.1	ENST00000331711,ENST00000412621	NA	sig_beige
not_in_trifid	chr12:132943022:132945621:-	white	-0.057532763133449	2.21201862207287e-08	NA	clu_26071_-	cryptic	-0.1	-0.1	-0.1	Unknown	NA	white
not_in_trifid	chr12:1795780:1797222:-	white	-0.192142201282981	2.03928249227818e-07	ENSG00000151062.10	clu_24945_-	fantom_cat	-0.1	-0.1	-0.1	ENCT00000098032	NA	sig_white
not_in_trifid	chr12:1795780:1797418:-	beige	0.227217385674831	2.03928249227818e-07	CACNA2D4	clu_24945_-	gencode	-0.1	-0.1	-0.1	ENST00000280663,ENST00000541444,ENST00000536818,ENST00000543405	NA	sig_beige
not_in_trifid	chr12:26195531:26224293:+	beige	0.125047492387874	0.0194515697171028	SSPN	clu_10638_+	gencode	-0.1	-0.1	-0.1	ENST00000544231	NA	sig_beige
not_in_trifid	chr12:27382504:27385481:+	beige	0.159682235366792	1.10458789034905e-07	ENSG00000029153.10	clu_10654_+	fantom_cat	-0.1	-0.1	-0.1	HBMT00000302414,HBMT00000302413	NA	sig_beige
not_in_trifid	chr12:29149407:29270412:+	white	-0.328402549917017	2.28389496172442e-63	FAR2	clu_10672_+	gencode	-0.1	-0.1	-0.1	ENST00000547411	NA	sig_white
not_in_trifid	chr12:32502338:32564137:+	beige	0.114047976882109	1.03118679012419e-06	FGD4	clu_10690_+	gencode	-0.1	-0.1	-0.1	ENST00000497153,ENST00000473513,ENST00000494275	NA	sig_beige
not_in_trifid	chr12:3733210:3753015:-	beige	0.114769255221289	0.0496816197736793	CRACR2A	clu_24959_-	gencode	-0.1	-0.1	-0.1	ENST00000535507	NA	sig_beige
not_in_trifid	chr12:55721494:55721689:+	beige	0.0644493230405989	5.16706489410909e-74	RDH5	clu_10876_+	gencode	-0.1	-0.1	-0.1	ENST00000553187,ENST00000550608,ENST00000548486	NA	beige
not_in_trifid	chr12:55974139:55986869:+	white	-0.215408685663492	0.000775423598034503	RAB5B	clu_10891_+	gencode	-0.1	-0.1	-0.1	ENST00000546810	NA	sig_white
not_in_trifid	chr12:925525:926796:-	white	-0.0803958073098523	0.0450189158415155	RAD52	clu_24942_-	gencode	-0.1	-0.1	-0.1	ENST00000488642,ENST00000228345	NA	white
not_in_trifid	chr12:925525:927145:-	beige	0.114461839748735	0.0450189158415155	RAD52	clu_24942_-	gencode	-0.1	-0.1	-0.1	ENST00000481052,ENST00000542584,ENST00000463750	NA	sig_beige
not_in_trifid	chr12:93773486:93776476:+	white	-0.029998156257217	1.41096375327045e-07	ENSG00000169372.8	clu_11139_+	fantom_cat	-0.1	-0.1	-0.1	FTMT24700040237	NA	white
not_in_trifid	chr13:44436095:44436504:-	beige	0.152846570856655	3.86512090397483e-27	TSC22D1	clu_17891_-	gencode	-0.1	-0.1	-0.1	ENST00000487881	NA	sig_beige
not_in_trifid	chr14:102233789:102240452:-	white	-0.0375944548311776	6.29061496552e-10	MOK	clu_16782_-	gencode	-0.1	-0.1	-0.1	ENST00000524120	NA	white
not_in_trifid	chr14:102233789:102250812:-	beige	0.106216877185655	6.29061496552e-10	MOK	clu_16782_-	gencode	-0.1	-0.1	-0.1	ENST00000519569,ENST00000518686,ENST00000523485	NA	sig_beige
not_in_trifid	chr14:24114924:24115543:+	beige	0.0770812680728506	0.0024688307829121	DCAF11	clu_33556_+	gencode	-0.1	-0.1	-0.1	ENST00000561056	NA	beige
not_in_trifid	chr14:24115293:24115382:+	white	-0.107413593823468	0.0024688307829121	DCAF11	clu_33556_+	gencode	-0.1	-0.1	-0.1	ENST00000557952,ENST00000560171,ENST00000561016	NA	sig_white
not_in_trifid	chr14:50359149:50363845:-	white	-0.176193491897803	6.09030270113418e-06	ENSG00000100490.5	clu_16455_-	fantom_cat	-0.1	-0.1	-0.1	FTMT25300017777,HBMT00000446006,FTMT25300007290	NA	sig_white
not_in_trifid	chr14:50359149:50395701:-	beige	0.182682383334617	6.09030270113418e-06	CDKL1	clu_16455_-	gencode	-0.1	-0.1	-0.1	ENST00000531052	NA	sig_beige
not_in_trifid	chr14:75633696:75634910:+	beige	0.0674028561416343	1.15779317729094e-49	FLVCR2,TTLL5	clu_33907_+	gencode	-0.1	-0.1	-0.1	ENST00000556265,ENST00000556409	NA	beige
not_in_trifid	chr14:90603303:90610742:-	white	-0.104873307110574	1.12961948588427e-13	TTC7B	clu_16711_-	gencode	-0.1	-0.1	-0.1	ENST00000554654	NA	sig_white
not_in_trifid	chr14:95475835:95481608:-	beige	0.154672406558405	8.22208206382477e-42	ENSG00000176438.8	clu_16766_-	fantom_cat	-0.1	-0.1	-0.1	FTMT25300047673	NA	sig_beige
not_in_trifid	chr15:32407217:32410582:-	beige	0.111530221966261	0.00543095051534118	AC135983.1,ULK4P1	clu_2234_-	gencode	-0.1	-0.1	-0.1	ENST00000562108,ENST00000564495	NA	sig_beige
not_in_trifid	chr15:49876523:49876643:-	white	-0.0776190355142103	0.0319072039302655	ATP8B4	clu_2448_-	gencode	-0.1	-0.1	-0.1	ENST00000558498	NA	white
not_in_trifid	chr15:49876523:49879376:-	beige	0.142609952941396	0.0319072039302655	ATP8B4	clu_2448_-	gencode	-0.1	-0.1	-0.1	ENST00000558203,ENST00000560479	NA	sig_beige
not_in_trifid	chr15:55874008:55924646:-	beige	0.16123946685836	1.03598807077408e-08	NEDD4	clu_2513_-	gencode	-0.1	-0.1	-0.1	ENST00000514893	NA	sig_beige
not_in_trifid	chr15:57197825:57231152:+	beige	0.11769445607608	2.75125533919242e-06	TCF12	clu_30488_+	gencode	-0.1	-0.1	-0.1	ENST00000561346,ENST00000560887	NA	sig_beige
not_in_trifid	chr15:57219590:57231152:+	white	-0.117694456076081	2.75125533919242e-06	TCF12	clu_30488_+	gencode	-0.1	-0.1	-0.1	ENST00000560764	NA	sig_white
not_in_trifid	chr15:62570849:62589687:+	beige	0.0664166641278903	3.90781494476578e-34	NA	clu_30508_+	cryptic	-0.1	-0.1	-0.1	Unknown	NA	beige
not_in_trifid	chr15:62570852:62589687:+	beige	0.165347710514995	3.90781494476578e-34	NA	clu_30508_+	cryptic	-0.1	-0.1	-0.1	Unknown	NA	sig_beige
not_in_trifid	chr15:90873098:90875582:+	beige	0.166140663997651	0.00120749006877086	FURIN	clu_30833_+	gencode	-0.1	-0.1	-0.1	ENST00000559353	NA	sig_beige
not_in_trifid	chr15:99251541:99255898:+	white	-0.135126569176465	2.72086095368522e-14	LRRC28	clu_30897_+	gencode	-0.1	-0.1	-0.1	ENST00000560213,ENST00000558500,ENST00000559399	NA	sig_white
not_in_trifid	chr16:10547677:10580549:-	white	-0.310913810617178	1.7037906282103e-11	EMP2	clu_24198_-	gencode	-0.1	-0.1	-0.1	ENST00000342147	NA	sig_white
not_in_trifid	chr16:11964026:11976568:-	beige	0.0796948721602572	4.49996214502001e-05	NPIPB2	clu_24215_-	gencode	-0.1	-0.1	-0.1	ENST00000532936	NA	beige
not_in_trifid	chr16:65039:72513:-	beige	0.0961281553097159	0.014320045338518	RHBDF1	clu_24010_-	gencode	-0.1	-0.1	-0.1	ENST00000487201	NA	beige
not_in_trifid	chr16:65039:76253:-	white	-0.113022913574234	0.014320045338518	RHBDF1	clu_24010_-	gencode	-0.1	-0.1	-0.1	ENST00000472390	NA	sig_white
not_in_trifid	chr16:66623502:66623779:-	beige	0.199684251526226	0.000126340238108379	NA	clu_24604_-	cryptic	-0.1	-0.1	-0.1	Unknown	NA	sig_beige
not_in_trifid	chr16:66935711:66938037:+	beige	0.153395049274686	0.000974419994897022	CES2	clu_5281_+	gencode	-0.1	-0.1	-0.1	ENST00000652667,ENST00000652196,ENST00000566359	NA	sig_beige
not_in_trifid	chr16:66939358:66940222:+	white	-0.106706647918625	0.000974419994897022	CES2	clu_5281_+	gencode	-0.1	-0.1	-0.1	ENST00000652667,ENST00000652196	NA	sig_white
not_in_trifid	chr16:67252844:67255021:+	white	-0.129349246389474	6.24534433815241e-13	SLC9A5	clu_5308_+	gencode	-0.1	-0.1	-0.1	ENST00000563723,ENST00000564704	NA	sig_white
not_in_trifid	chr16:67265106:67266088:+	beige	0.259357436684607	6.24534433815241e-13	SLC9A5	clu_5308_+	gencode	-0.1	-0.1	-0.1	ENST00000564704,ENST00000563723	NA	sig_beige
not_in_trifid	chr16:69139914:69143178:+	white	-0.220064142241106	6.75963464239484e-13	UTP4	clu_5371_+	gencode	-0.1	-0.1	-0.1	ENST00000567015,ENST00000569014,ENST00000564408	NA	sig_white
not_in_trifid	chr16:69142299:69143178:+	beige	0.209838800074757	6.75963464239484e-13	UTP4	clu_5371_+	gencode	-0.1	-0.1	-0.1	ENST00000569615	NA	sig_beige
not_in_trifid	chr16:69332882:69334521:-	white	-0.0930009490574206	0.000676841398084797	COG8	clu_24671_-	gencode	-0.1	-0.1	-0.1	ENST00000648169	NA	white
not_in_trifid	chr16:71880023:71883211:-	beige	0.103487261560271	0.0157216140670677	ZNF821	clu_24742_-	gencode	-0.1	-0.1	-0.1	ENST00000569186,ENST00000564943,ENST00000562677,ENST00000561700	NA	sig_beige
not_in_trifid	chr17:1495879:1496060:-	white	-0.13539982664579	1.3535498067596e-18	INPP5K	clu_19289_-	gencode	-0.1	-0.1	-0.1	ENST00000487039	NA	sig_white
not_in_trifid	chr17:15260761:15265154:-	beige	0.116906280011836	2.49902889658141e-30	PMP22	clu_19554_-	gencode	-0.1	-0.1	-0.1	ENST00000471150	NA	sig_beige
not_in_trifid	chr17:17577027:17591531:-	white	-0.409602238813953	3.18459597184453e-102	PEMT	clu_19605_-	gencode	-0.1	-0.1	-0.1	ENST00000421096	NA	sig_white
not_in_trifid	chr17:17752506:17754229:+	beige	0.132326553482435	0.0100101217140638	CATG00000030853.1	clu_34427_+	fantom_cat	-0.1	-0.1	-0.1	ENCT00000172625	NA	sig_beige
not_in_trifid	chr17:28728860:28733983:+	white	-0.385148128737057	5.89745190886702e-40	NEK8	clu_34526_+	gencode	-0.1	-0.1	-0.1	ENST00000581000,ENST00000593261	NA	sig_white
not_in_trifid	chr17:29568830:29569018:+	white	-0.270700817196551	2.47916987674473e-09	TP53I13	clu_34539_+	gencode	-0.1	-0.1	-0.1	ENST00000580132	NA	sig_white
not_in_trifid	chr17:39912497:39915367:-	beige	0.117049460852254	1.49789326666134e-05	NA	clu_19881_-	cryptic	-0.1	-0.1	-0.1	Unknown	NA	sig_beige
not_in_trifid	chr17:39912497:39917082:-	white	-0.117049460852254	1.49789326666134e-05	GSDMB	clu_19881_-	gencode	-0.1	-0.1	-0.1	ENST00000477054,ENST00000464556	NA	sig_white
not_in_trifid	chr17:47181637:47188746:-	beige	0.13172064326087	0.00134608248969182	CDC27	clu_20067_-	gencode	-0.1	-0.1	-0.1	ENST00000528748	NA	sig_beige
not_in_trifid	chr17:47181637:47189146:-	white	-0.13172064326087	0.00134608248969182	CDC27	clu_20067_-	gencode	-0.1	-0.1	-0.1	ENST00000525495,ENST00000528147	NA	sig_white
not_in_trifid	chr17:48592456:48592568:-	white	-0.114503159698996	0.0375098025212233	ENSG00000120075.5	clu_20091_-	fantom_cat	-0.1	-0.1	-0.1	HBMT00000631061	NA	sig_white
not_in_trifid	chr17:4951182:4951828:+	white	-0.0695604518703987	0.0177723430878002	ENO3	clu_34253_+	gencode	-0.1	-0.1	-0.1	ENST00000518972,ENST00000571235,ENST00000519834	NA	white
not_in_trifid	chr17:59945518:59946551:+	white	-0.159175584111116	2.96260708253069e-06	RPS6KB1	clu_35023_+	gencode	-0.1	-0.1	-0.1	ENST00000475155	NA	sig_white
not_in_trifid	chr17:59966467:59972835:+	beige	0.0976129800366383	2.96260708253069e-06	RNFT1-DT,AC005702.1	clu_35023_+	gencode	-0.1	-0.1	-0.1	ENST00000593015	NA	beige
not_in_trifid	chr17:64353518:64353612:-	white	-0.130337403649501	0.0216140301975436	NA	clu_20248_-	cryptic	-0.1	-0.1	-0.1	Unknown	NA	sig_white
not_in_trifid	chr17:67992103:67992901:-	white	-0.141794039058733	0.00113000038774908	C17orf58	clu_20306_-	gencode	-0.1	-0.1	-0.1	ENST00000536693	NA	sig_white
not_in_trifid	chr17:7857198:7883235:-	white	-0.114340876648486	7.31078901859381e-17	ENSG00000183011.9	clu_19494_-	fantom_cat	-0.1	-0.1	-0.1	MICT00000141137,HBMT00000619772,MICT00000141136,ENCT00000180634,ENCT00000180633,FTMT26500033233	NA	sig_white
not_in_trifid	chr17:8176026:8176200:-	white	-0.0479164253223331	2.36088203961474e-07	TMEM107	clu_19505_-	gencode	-0.1	-0.1	-0.1	ENST00000417073	NA	white
not_in_trifid	chr17:82101866:82104194:-	beige	0.137940390500977	0.000218986073772087	NA	clu_20571_-	cryptic	-0.1	-0.1	-0.1	Unknown	NA	sig_beige
not_in_trifid	chr18:5489161:5630377:-	beige	0.406908270033182	4.26871566014793e-13	EPB41L3	clu_21093_-	gencode	-0.1	-0.1	-0.1	ENST00000578431	NA	sig_beige
not_in_trifid	chr18:77105286:77133516:-	beige	0.16342952818283	1.88215728924961e-08	MBP	clu_21316_-	gencode	-0.1	-0.1	-0.1	ENST00000497479,ENST00000490754	NA	sig_beige
not_in_trifid	chr19:1127765:1132090:-	white	-0.10277020433677	7.07055850599298e-10	SBNO2	clu_7004_-	gencode	-0.1	-0.1	-0.1	ENST00000592222	NA	sig_white
not_in_trifid	chr19:12774897:12775405:-	beige	0.16226064036575	1.59524280890207e-28	HOOK2	clu_7381_-	gencode	-0.1	-0.1	-0.1	ENST00000586284,ENST00000589965,ENST00000592808,ENST00000589134	NA	sig_beige
not_in_trifid	chr19:12774897:12778300:-	white	-0.0985091105104947	1.59524280890207e-28	HOOK2	clu_7381_-	gencode	-0.1	-0.1	-0.1	ENST00000592512	NA	white
not_in_trifid	chr19:15125069:15125656:-	white	-0.106961462304941	8.06752430708713e-09	ILVBL	clu_7433_-	gencode	-0.1	-0.1	-0.1	ENST00000599324	NA	sig_white
not_in_trifid	chr19:2039856:2040134:-	beige	0.119721333430886	0.00193537771503147	MKNK2	clu_7040_-	gencode	-0.1	-0.1	-0.1	ENST00000591601	NA	sig_beige
not_in_trifid	chr19:2046468:2046604:-	beige	0.124961909097971	0.00330072673773147	MKNK2	clu_7044_-	gencode	-0.1	-0.1	-0.1	ENST00000591601	NA	sig_beige
not_in_trifid	chr19:2046691:2050801:-	white	-0.12880328964113	0.00330072673773147	MKNK2	clu_7044_-	gencode	-0.1	-0.1	-0.1	ENST00000591601	NA	sig_white
not_in_trifid	chr19:3061257:3062174:-	white	-0.120921934652303	0.000156773672655658	TLE5	clu_7080_-	gencode	-0.1	-0.1	-0.1	ENST00000585782,ENST00000586003,ENST00000592330	NA	sig_white
not_in_trifid	chr19:35138894:35140076:+	white	-0.199485214587421	2.71993975779022e-27	FXYD1,AC020907.2	clu_26694_+	gencode	-0.1	-0.1	-0.1	ENST00000592818,ENST00000586871,ENST00000592174	NA	sig_white
not_in_trifid	chr19:37691618:37691943:-	beige	0.0807299398362128	2.31472580648404e-11	ENSG00000196381.6	clu_7665_-	fantom_cat	-0.1	-0.1	-0.1	FTMT27300017267	NA	beige
not_in_trifid	chr19:37691618:37692152:-	white	-0.139029706590955	2.31472580648404e-11	ZNF781,ZFP30	clu_7665_-	gencode	-0.1	-0.1	-0.1	ENST00000585624,ENST00000586732,ENST00000589676,ENST00000593040	NA	sig_white
not_in_trifid	chr19:42215252:42217632:-	white	-0.0478576674988537	0.0250818273084851	DEDD2	clu_7750_-	gencode	-0.1	-0.1	-0.1	ENST00000602201,ENST00000598415,ENST00000602075,ENST00000598090,ENST00000593804,ENST00000600559,ENST00000601135	NA	white
not_in_trifid	chr19:49809258:49809378:-	beige	0.122453779563931	0.029145979525478	FUZ	clu_7937_-	gencode	-0.1	-0.1	-0.1	ENST00000527973	NA	sig_beige
not_in_trifid	chr19:52453607:52456868:+	beige	0.115778713274422	0.0021432709607841	ZNF578,AC010332.3	clu_27149_+	gencode	-0.1	-0.1	-0.1	ENST00000594118,ENST00000602221	NA	sig_beige
not_in_trifid	chr19:52456736:52456868:+	white	-0.064615652028718	0.0021432709607841	AC010332.3	clu_27149_+	gencode	-0.1	-0.1	-0.1	ENST00000596674	NA	white
not_in_trifid	chr19:53469639:53483750:+	beige	0.0875216984170766	1.22972525249902e-08	NA	clu_27159_+	cryptic	-0.1	-0.1	-0.1	Unknown	NA	beige
not_in_trifid	chr19:57556357:57559656:-	white	-0.11491379626761	0.000657729189539077	ZNF550	clu_8092_-	gencode	-0.1	-0.1	-0.1	ENST00000595560,ENST00000325134	NA	sig_white
not_in_trifid	chr19:8305156:8308149:-	beige	0.094073278326868	0.029145979525478	CD320	clu_7219_-	gencode	-0.1	-0.1	-0.1	ENST00000598299	NA	beige
not_in_trifid	chr1:113757755:113757992:-	beige	0.150442530566778	2.44751369850962e-08	ENSG00000116793.11	clu_28417_-	fantom_cat	-0.1	-0.1	-0.1	ENCT00000030267,FTMT20100064822,FTMT20100082089,FTMT20100096736	NA	sig_beige
not_in_trifid	chr1:113757755:113758659:-	white	-0.150442530566778	2.44751369850962e-08	PHTF1	clu_28417_-	gencode	-0.1	-0.1	-0.1	ENST00000493212	NA	sig_white
not_in_trifid	chr1:115744912:115757484:-	beige	0.10340385707165	2.55740880498521e-07	ENSG00000118729.10	clu_28446_-	fantom_cat	-0.1	-0.1	-0.1	HBMT00000071565,HBMT00000071564	NA	sig_beige
not_in_trifid	chr1:11803129:11803405:-	white	-0.110597939358757	7.98305167329887e-05	MTHFR	clu_27518_-	gencode	-0.1	-0.1	-0.1	ENST00000641759,ENST00000641721	NA	sig_white
not_in_trifid	chr1:11803129:11805888:-	beige	0.0919576374223778	7.98305167329887e-05	MTHFR	clu_27518_-	gencode	-0.1	-0.1	-0.1	ENST00000642002,ENST00000641437	NA	beige
not_in_trifid	chr1:155983200:155983366:-	white	-0.124360852541789	1.62711905715973e-15	ENSG00000116584.13	clu_28797_-	fantom_cat	-0.1	-0.1	-0.1	FTMT20100072050	NA	sig_white
not_in_trifid	chr1:155983200:155983470:-	beige	0.154000706571077	1.62711905715973e-15	ENSG00000116584.13	clu_28797_-	fantom_cat	-0.1	-0.1	-0.1	ENCT00000032846	NA	sig_beige
not_in_trifid	chr1:160127820:160128652:+	white	-0.153238977648042	3.88858862607815e-06	ATP1A2	clu_14479_+	gencode	-0.1	-0.1	-0.1	ENST00000472488	NA	sig_white
not_in_trifid	chr1:160128541:160128652:+	beige	0.142781730042065	3.88858862607815e-06	ENSG00000018625.10	clu_14479_+	fantom_cat	-0.1	-0.1	-0.1	ENCT00000013045	NA	sig_beige
not_in_trifid	chr1:160283639:160285055:-	white	-0.193585331712073	1.65883855962512e-39	PEX19	clu_28856_-	gencode	-0.1	-0.1	-0.1	ENST00000524939,ENST00000532508	NA	sig_white
not_in_trifid	chr1:161226136:161226355:+	white	-0.137398809794272	0.0412242543486592	TOMM40L	clu_14511_+	gencode	-0.1	-0.1	-0.1	ENST00000474486,ENST00000492482,ENST00000465512	NA	sig_white
not_in_trifid	chr1:161226136:161226476:+	beige	0.0916895510234231	0.0412242543486592	TOMM40L	clu_14511_+	gencode	-0.1	-0.1	-0.1	ENST00000470426	NA	beige
not_in_trifid	chr1:161726993:161727247:+	beige	0.115955390840112	1.29167513394381e-27	FCRLB	clu_14521_+	gencode	-0.1	-0.1	-0.1	ENST00000495397	NA	sig_beige
not_in_trifid	chr1:171258219:171267543:+	white	-0.170461021716383	1.14178689555895e-18	FMO1	clu_14581_+	gencode	-0.1	-0.1	-0.1	ENST00000459868	NA	sig_white
not_in_trifid	chr1:173188569:173205311:-	white	-0.101977944702806	0.000836995508464117	TNFSF4	clu_28926_-	gencode	-0.1	-0.1	-0.1	ENST00000488053	NA	sig_white
not_in_trifid	chr1:173188569:173239907:-	beige	0.0527812631373216	0.000836995508464117	NA	clu_28926_-	cryptic	-0.1	-0.1	-0.1	Unknown	NA	beige
not_in_trifid	chr1:17632466:17634835:+	beige	0.18120327682464	1.23569886982429e-15	ARHGEF10L	clu_13235_+	gencode	-0.1	-0.1	-0.1	ENST00000469726	NA	sig_beige
not_in_trifid	chr1:17634562:17634835:+	white	-0.102543284812111	1.23569886982429e-15	ARHGEF10L	clu_13235_+	gencode	-0.1	-0.1	-0.1	ENST00000482359	NA	sig_white
not_in_trifid	chr1:184568485:184590739:+	beige	0.311663295542553	6.39050348633951e-14	C1orf21	clu_14703_+	gencode	-0.1	-0.1	-0.1	ENST00000367514	NA	sig_beige
not_in_trifid	chr1:196743628:196745817:+	beige	0.155696066142233	2.44521915392778e-09	CFH	clu_14736_+	gencode	-0.1	-0.1	-0.1	ENST00000466229	NA	sig_beige
not_in_trifid	chr1:201739844:201780421:+	beige	0.336395980640373	5.72557233347551e-43	NAV1	clu_14762_+	gencode	-0.1	-0.1	-0.1	ENST00000490213	NA	sig_beige
not_in_trifid	chr1:201888781:201889445:+	beige	0.127472185707685	0.000329724608270765	SHISA4	clu_14776_+	gencode	-0.1	-0.1	-0.1	ENST00000464117	NA	sig_beige
not_in_trifid	chr1:230912758:230912886:-	beige	0.124053884701923	0.00996851254780308	NA	clu_29244_-	cryptic	-0.1	-0.1	-0.1	Unknown	NA	sig_beige
not_in_trifid	chr1:230912758:230916193:-	white	-0.124258649428419	0.00996851254780308	TTC13	clu_29244_-	gencode	-0.1	-0.1	-0.1	ENST00000471302	NA	sig_white
not_in_trifid	chr1:233179175:233179609:-	beige	0.16595113534109	1.16191345004054e-06	NA	clu_29260_-	cryptic	-0.1	-0.1	-0.1	Unknown	NA	sig_beige
not_in_trifid	chr1:23799436:23800712:-	white	-0.130309144033514	1.98633703037682e-07	GALE	clu_27686_-	gencode	-0.1	-0.1	-0.1	ENST00000459934,ENST00000481736,ENST00000466250	NA	sig_white
not_in_trifid	chr1:240258032:240294822:+	beige	0.165379501215122	6.86853555110113e-10	FMN2	clu_15046_+	gencode	-0.1	-0.1	-0.1	ENST00000463398	NA	sig_beige
not_in_trifid	chr1:240285507:240294822:+	white	-0.123946674569365	6.86853555110113e-10	ENSG00000155816.15	clu_15046_+	fantom_cat	-0.1	-0.1	-0.1	FTMT20300112023,FTMT20300031193	NA	sig_white
not_in_trifid	chr1:245155487:245155750:+	beige	0.189240408332765	6.63298382848638e-14	ENSG00000162849.11	clu_15074_+	fantom_cat	-0.1	-0.1	-0.1	FTMT20300112127,HBMT00000048742	NA	sig_beige
not_in_trifid	chr1:246355094:246507054:-	beige	0.134503737876702	7.86919976685699e-06	SMYD3	clu_29334_-	gencode	-0.1	-0.1	-0.1	ENST00000470863,ENST00000462422	NA	sig_beige
not_in_trifid	chr1:2510782:2511338:-	beige	0.101658219997053	0.000134861800444417	PANK4	clu_27404_-	gencode	-0.1	-0.1	-0.1	ENST00000651094,ENST00000471361	NA	sig_beige
not_in_trifid	chr1:26432376:26432891:+	white	-0.101646577469569	9.03219259478498e-13	DHDDS	clu_13330_+	gencode	-0.1	-0.1	-0.1	ENST00000527611,ENST00000374186,ENST00000487944	NA	sig_white
not_in_trifid	chr1:26432518:26432891:+	beige	0.0927825396697836	9.03219259478498e-13	DHDDS	clu_13330_+	gencode	-0.1	-0.1	-0.1	ENST00000529688	NA	beige
not_in_trifid	chr1:31733143:31735183:-	beige	0.0603900026135593	0.00668032742856474	ADGRB2	clu_27790_-	gencode	-0.1	-0.1	-0.1	ENST00000530999,ENST00000465256	NA	beige
not_in_trifid	chr1:33334292:33349597:-	white	-0.146113957415677	8.56054614384514e-09	PHC2	clu_27829_-	gencode	-0.1	-0.1	-0.1	ENST00000493483,ENST00000485928,ENST00000467894	NA	sig_white
not_in_trifid	chr1:45334511:45339899:-	beige	0.103327710356359	0.0261577559826845	MUTYH	clu_27982_-	gencode	-0.1	-0.1	-0.1	ENST00000479746,ENST00000492494,ENST00000485484	NA	sig_beige
not_in_trifid	chr1:45334511:45339976:-	white	-0.0747903905408643	0.0261577559826845	MUTYH	clu_27982_-	gencode	-0.1	-0.1	-0.1	ENST00000474703,ENST00000534453	NA	white
not_in_trifid	chr1:45997799:46002805:+	beige	0.242929931896807	1.23569886982429e-15	MAST2	clu_13672_+	gencode	-0.1	-0.1	-0.1	ENST00000482881	NA	sig_beige
not_in_trifid	chr1:55178132:55214606:-	beige	0.146626414870572	8.20690384321617e-10	ENSG00000162402.8	clu_28101_-	fantom_cat	-0.1	-0.1	-0.1	MICT00000011543,FTMT20100018845,FTMT20100018843,FTMT20100016253	NA	sig_beige
not_in_trifid	chr1:6615591:6616757:+	beige	0.113894052251373	0.010820094361199	ENSG00000116273.5	clu_13073_+	fantom_cat	-0.1	-0.1	-0.1	ENCT00000000790	NA	sig_beige
not_in_trifid	chr1:87129994:87133614:+	beige	0.15004837819315	8.87815203151219e-40	LINC01140	clu_13883_+	gencode	-0.1	-0.1	-0.1	ENST00000469312,ENST00000461990,ENST00000490006,ENST00000471417	NA	sig_beige
not_in_trifid	chr1:89633322:89686470:+	white	-0.118332127134644	1.08690665130918e-22	LRRC8C,AC093423.3	clu_13899_+	gencode	-0.1	-0.1	-0.1	ENST00000479252	NA	sig_white
not_in_trifid	chr20:13808902:13816463:+	beige	0.1007714530585	0.00010647990492855	NDUFAF5	clu_6504_+	gencode	-0.1	-0.1	-0.1	ENST00000475968	NA	sig_beige
not_in_trifid	chr20:13814515:13816463:+	white	-0.0620654297363708	0.00010647990492855	NDUFAF5	clu_6504_+	gencode	-0.1	-0.1	-0.1	ENST00000476200,ENST00000487478	NA	white
not_in_trifid	chr20:35218061:35272005:-	white	-0.0411592320430467	0.00574486232587409	MMP24OS	clu_20817_-	gencode	-0.1	-0.1	-0.1	ENST00000566203,ENST00000635104	NA	white
not_in_trifid	chr20:35269023:35272005:-	beige	0.147739754018584	0.00574486232587409	NA	clu_20817_-	cryptic	-0.1	-0.1	-0.1	Unknown	NA	sig_beige
not_in_trifid	chr20:45775602:45780703:-	white	-0.157214349335737	2.02521328173256e-05	NA	clu_20904_-	cryptic	-0.1	-0.1	-0.1	Unknown	NA	sig_white
not_in_trifid	chr20:45775602:45791832:-	beige	0.0883373679294546	2.02521328173256e-05	WFDC3	clu_20904_-	gencode	-0.1	-0.1	-0.1	ENST00000471401	NA	beige
not_in_trifid	chr20:50568234:50568380:+	beige	0.110200198474989	1.76880946995602e-11	ENSG00000196396.5	clu_6825_+	fantom_cat	-0.1	-0.1	-0.1	FTMT27900017299	NA	sig_beige
not_in_trifid	chr21:32284155:32298086:-	beige	0.0984360726014144	7.71805325035544e-17	NA	clu_37190_-	cryptic	-0.1	-0.1	-0.1	Unknown	NA	beige
not_in_trifid	chr22:17791301:17808844:-	white	-0.175240033662142	1.49273281015017e-08	MICAL3,AC016026.1	clu_585_-	gencode	-0.1	-0.1	-0.1	ENST00000580469,ENST00000476405	NA	sig_white
not_in_trifid	chr22:20717778:20718693:-	white	-0.117292526911217	1.30690727501479e-05	PI4KA	clu_653_-	gencode	-0.1	-0.1	-0.1	ENST00000477245,ENST00000492581,ENST00000466772	NA	sig_white
not_in_trifid	chr22:21483090:21484005:-	beige	0.0837705584943644	1.30690727501479e-05	PI4KAP2	clu_653_-	gencode	-0.1	-0.1	-0.1	ENST00000480319,ENST00000467443,ENST00000450651,ENST00000479693,ENST00000463608,ENST00000360806,ENST00000494740,ENST00000486209,ENST00000462560	NA	beige
not_in_trifid	chr22:29328895:29330378:-	white	-0.105973803597194	3.93928454546068e-11	AP1B1	clu_741_-	gencode	-0.1	-0.1	-0.1	ENST00000402502,ENST00000415447	NA	sig_white
not_in_trifid	chr22:29529239:29531831:-	beige	0.109646685120382	1.66572219043792e-09	THOC5	clu_752_-	gencode	-0.1	-0.1	-0.1	ENST00000492707	NA	sig_beige
not_in_trifid	chr22:35810004:35840192:-	white	-0.10151379820174	1.80097235436981e-10	RBFOX2	clu_822_-	gencode	-0.1	-0.1	-0.1	ENST00000491982	NA	sig_white
not_in_trifid	chr22:38169471:38181784:-	white	-0.0770362580601398	1.17519137916942e-13	PLA2G6	clu_868_-	gencode	-0.1	-0.1	-0.1	ENST00000668208,ENST00000420435,ENST00000471636	NA	white
not_in_trifid	chr22:38169471:38192033:-	beige	0.100346980501855	1.17519137916942e-13	PLA2G6	clu_868_-	gencode	-0.1	-0.1	-0.1	ENST00000417303	NA	sig_beige
not_in_trifid	chr22:40178140:40246015:+	beige	0.110148450414861	0.0211773597293187	TNRC6B	clu_16058_+	gencode	-0.1	-0.1	-0.1	ENST00000489500	NA	sig_beige
not_in_trifid	chr22:41394011:41394096:+	beige	0.110062744792813	2.85440151746326e-07	NA	clu_16094_+	cryptic	-0.1	-0.1	-0.1	Unknown	NA	sig_beige
not_in_trifid	chr22:50205024:50206317:+	white	-0.0852957971215642	0.0174577906288022	ENSG00000073169.9	clu_16190_+	fantom_cat	-0.1	-0.1	-0.1	FTMT28700000859,FTMT28700004262,HBMT00000946105,FTMT28700004783,FTMT28700005059,MICT00000236259,FTMT28700003549,FTMT28700007456	NA	white
not_in_trifid	chr22:50573715:50574335:-	beige	0.184783750243966	1.95129864167298e-09	CPT1B,CHKB-CPT1B	clu_1074_-	gencode	-0.1	-0.1	-0.1	ENST00000492556	NA	sig_beige
not_in_trifid	chr2:102737013:102762587:+	white	-0.12363886340957	1.15895993429085e-10	TMEM182	clu_31585_+	gencode	-0.1	-0.1	-0.1	ENST00000469971	NA	sig_white
not_in_trifid	chr2:109436807:109436893:+	beige	0.16275003946893	4.08340506783979e-14	ENSG00000172985.8	clu_31616_+	fantom_cat	-0.1	-0.1	-0.1	HBMT00000774657,HBMT00000774658	NA	sig_beige
not_in_trifid	chr2:11249798:11286539:-	white	-0.0653565599847727	1.07688881323128e-10	ROCK2	clu_11594_-	gencode	-0.1	-0.1	-0.1	ENST00000462366	NA	white
not_in_trifid	chr2:144235737:144331494:-	beige	0.0272898376355121	2.92846618167269e-21	GTDC1	clu_12446_-	refseq	-0.1	-0.1	-0.1	NR_164809	NA	beige
not_in_trifid	chr2:148484135:148485742:+	white	-0.13383833773419	0.00357787490589776	MBD5	clu_31792_+	gencode	-0.1	-0.1	-0.1	ENST00000404807	NA	sig_white
not_in_trifid	chr2:152433495:152521943:+	beige	0.360522009193666	1.9672473867296e-14	NA	clu_31811_+	cryptic	-0.1	-0.1	-0.1	Unknown	NA	sig_beige
not_in_trifid	chr2:210189054:210192804:-	beige	0.172178731297502	6.86853555110113e-10	ACADL	clu_12779_-	gencode	-0.1	-0.1	-0.1	ENST00000652584	NA	sig_beige
not_in_trifid	chr2:238909563:238909842:+	beige	0.1627251183188	9.19134423151986e-38	NA	clu_32408_+	cryptic	-0.1	-0.1	-0.1	Unknown	NA	sig_beige
not_in_trifid	chr2:27929908:27987993:+	beige	0.133460806786669	7.58334286974667e-11	BABAM2,MRPL33	clu_31057_+	gencode	-0.1	-0.1	-0.1	ENST00000603461	NA	sig_beige
not_in_trifid	chr2:27967443:27987993:+	white	-0.0955903691887267	7.58334286974667e-11	NA	clu_31057_+	cryptic	-0.1	-0.1	-0.1	Unknown	NA	white
not_in_trifid	chr2:39755960:39757248:-	white	-0.0596983899895012	0.00150436392154386	THUMPD2	clu_11822_-	gencode	-0.1	-0.1	-0.1	ENST00000460072	NA	white
not_in_trifid	chr2:53739404:53756736:+	beige	0.0541227367608728	0.00010030990108371	CATG00000042805.1	clu_31226_+	fantom_cat	-0.1	-0.1	-0.1	FTMT20700003331	NA	beige
not_in_trifid	chr2:62705736:62706897:+	white	-0.145890612084886	1.6755015930419e-36	EHBP1	clu_31283_+	gencode	-0.1	-0.1	-0.1	ENST00000472809,ENST00000494958	NA	sig_white
not_in_trifid	chr2:62979335:62990716:+	beige	0.121968341419708	2.06882297003279e-21	EHBP1	clu_31289_+	gencode	-0.1	-0.1	-0.1	ENST00000491965,ENST00000496857	NA	sig_beige
not_in_trifid	chr2:64988620:65001448:+	beige	0.134177717993356	0.000181327775988487	SLC1A4	clu_31302_+	gencode	-0.1	-0.1	-0.1	ENST00000471551,ENST00000493121	NA	sig_beige
not_in_trifid	chr2:69466551:69480860:-	beige	0.0707050223033756	2.71993975779022e-27	ENSG00000115977.14,ENSG00000188971.4	clu_11994_-	fantom_cat	-0.1	-0.1	-0.1	ENCT00000243557,FTMT20500020202,FTMT20500020892,FTMT20500100253,MICT00000191165,HBMT00000806730	NA	beige
not_in_trifid	chr2:72179461:72184075:-	white	-0.140026186303893	9.35755655917632e-08	EXOC6B	clu_12026_-	gencode	-0.1	-0.1	-0.1	ENST00000471335,ENST00000490919,ENST00000492257	NA	sig_white
not_in_trifid	chr2:97086198:97090109:-	white	-0.137117945741933	7.4156440494974e-05	FAHD2B	clu_12209_-	gencode	-0.1	-0.1	-0.1	ENST00000463096	NA	sig_white
not_in_trifid	chr3:107523107:107526327:+	beige	0.100829120890873	1.93364309291729e-13	BBX	clu_18726_+	gencode	-0.1	-0.1	-0.1	ENST00000474137,ENST00000485939	NA	sig_beige
not_in_trifid	chr3:12289134:12312380:+	white	-0.161903569821521	1.01402769580553e-90	PPARG	clu_18227_+	gencode	-0.1	-0.1	-0.1	ENST00000397012,ENST00000497594	NA	sig_white
not_in_trifid	chr3:12351674:12379704:+	beige	0.183696026984724	1.01402769580553e-90	PPARG	clu_18227_+	gencode	-0.1	-0.1	-0.1	ENST00000477039	NA	sig_beige
not_in_trifid	chr3:136152738:136196572:-	beige	0.0948490238020764	2.87506886674816e-05	ENSG00000174579.3	clu_4197_-	fantom_cat	-0.1	-0.1	-0.1	FTMT20900005620,ENCT00000309319	NA	beige
not_in_trifid	chr3:140963227:140966934:+	white	-0.0553735741914879	3.36556704655756e-09	SLC25A36	clu_18937_+	gencode	-0.1	-0.1	-0.1	ENST00000393015	NA	white
not_in_trifid	chr3:141386937:141403927:+	white	-0.0392505856499124	1.56953605209338e-13	ZBTB38	clu_18942_+	gencode	-0.1	-0.1	-0.1	ENST00000512276,ENST00000513249	NA	white
not_in_trifid	chr3:14416453:14443624:+	white	-0.15528377998099	3.13794711009527e-12	SLC6A6	clu_18245_+	gencode	-0.1	-0.1	-0.1	ENST00000613930	NA	sig_white
not_in_trifid	chr3:157428488:157436883:-	white	-0.576461449686528	3.31001069162455e-19	VEPH1	clu_4326_-	gencode	-0.1	-0.1	-0.1	ENST00000482685	NA	sig_white
not_in_trifid	chr3:157459926:157460181:-	beige	0.202708467031061	3.31001069162455e-19	VEPH1	clu_4326_-	gencode	-0.1	-0.1	-0.1	ENST00000490235	NA	sig_beige
not_in_trifid	chr3:171738082:171810399:-	beige	0.158593335772224	0.00797886722042561	PLD1	clu_4380_-	gencode	-0.1	-0.1	-0.1	ENST00000498278	NA	sig_beige
not_in_trifid	chr3:187734907:187745410:-	white	-0.126361650242629	1.08151569021131e-13	BCL6	clu_4454_-	gencode	-0.1	-0.1	-0.1	ENST00000470319,ENST00000480458	NA	sig_white
not_in_trifid	chr3:193618936:193631612:+	white	-0.141976696993424	7.77684619843842e-18	OPA1	clu_19197_+	gencode	-0.1	-0.1	-0.1	ENST00000497189	NA	sig_white
not_in_trifid	chr3:193626202:193631612:+	beige	0.0737361053246169	7.77684619843842e-18	OPA1	clu_19197_+	gencode	-0.1	-0.1	-0.1	ENST00000495476	NA	beige
not_in_trifid	chr3:194628509:194633563:-	beige	0.141292469282405	0.0256602861429523	TMEM44	clu_4477_-	gencode	-0.1	-0.1	-0.1	ENST00000494894	NA	sig_beige
not_in_trifid	chr3:196712644:196716858:+	beige	0.106104223744445	0.015165518653856	PIGX	clu_19224_+	gencode	-0.1	-0.1	-0.1	ENST00000639474	NA	sig_beige
not_in_trifid	chr3:196713124:196716858:+	white	-0.106104223744445	0.015165518653856	PIGX	clu_19224_+	gencode	-0.1	-0.1	-0.1	ENST00000495440	NA	sig_white
not_in_trifid	chr3:29281756:29434743:+	white	-0.110371396076251	5.74687631504671e-29	RBMS3	clu_18299_+	gencode	-0.1	-0.1	-0.1	ENST00000471426	NA	sig_white
not_in_trifid	chr3:33592496:33596711:-	beige	0.0368681538875611	9.60257897135013e-06	NA	clu_3423_-	cryptic	-0.1	-0.1	-0.1	Unknown	NA	beige
not_in_trifid	chr3:38020352:38029506:-	white	-0.268013108703927	1.54304999459623e-13	PLCD1	clu_3447_-	gencode	-0.1	-0.1	-0.1	ENST00000461445	NA	sig_white
not_in_trifid	chr3:42621516:42627200:+	white	-0.0952103003283656	0.0020951561239009	NKTR	clu_18401_+	gencode	-0.1	-0.1	-0.1	ENST00000487466,ENST00000478488,ENST00000468735,ENST00000466553	NA	white
not_in_trifid	chr3:42621516:42630546:+	beige	0.116828056433245	0.0020951561239009	NKTR	clu_18401_+	gencode	-0.1	-0.1	-0.1	ENST00000465584	NA	sig_beige
not_in_trifid	chr3:42654695:42658275:+	beige	0.138555106631415	9.68335560003143e-05	ZBTB47	clu_18406_+	refseq	-0.1	-0.1	-0.1	NM_001410746	NA	sig_beige
not_in_trifid	chr3:46551610:46566177:-	beige	0.188545336406226	7.68989734950954e-05	LRRC2	clu_3499_-	gencode	-0.1	-0.1	-0.1	ENST00000469912	NA	sig_beige
not_in_trifid	chr3:46551610:46606809:-	white	-0.0785137357520221	7.68989734950954e-05	NA	clu_3499_-	cryptic	-0.1	-0.1	-0.1	Unknown	NA	white
not_in_trifid	chr3:51943046:51943349:+	white	-0.136549593615729	4.6591081896772e-20	PARP3	clu_18550_+	gencode	-0.1	-0.1	-0.1	ENST00000470601	NA	sig_white
not_in_trifid	chr3:52290719:52290960:+	beige	0.327331605943996	2.41730897975727e-29	GLYCTK	clu_18569_+	gencode	-0.1	-0.1	-0.1	ENST00000489173,ENST00000473583	NA	sig_beige
not_in_trifid	chr3:73404395:73556700:-	beige	0.108281448906426	1.6404314808188e-15	PDZRN3	clu_3877_-	gencode	-0.1	-0.1	-0.1	ENST00000498048	NA	sig_beige
not_in_trifid	chr3:9842082:9842199:-	white	-0.101381450590427	0.00302562252438733	RPUSD3	clu_3291_-	gencode	-0.1	-0.1	-0.1	ENST00000473522,ENST00000484134,ENST00000485705,ENST00000472381	NA	sig_white
not_in_trifid	chr3:9843601:9843890:-	beige	0.107979829856081	0.00302562252438733	RPUSD3	clu_3291_-	gencode	-0.1	-0.1	-0.1	ENST00000460909,ENST00000484134	NA	sig_beige
not_in_trifid	chr4:109741110:109742491:-	white	-0.105048912717368	1.11364720011209e-25	CFI	clu_36806_-	gencode	-0.1	-0.1	-0.1	ENST00000504853	NA	sig_white
not_in_trifid	chr4:1200047:1201269:-	beige	0.224762051235118	1.84438601095178e-30	SPON2	clu_36362_-	gencode	-0.1	-0.1	-0.1	ENST00000400762	NA	sig_beige
not_in_trifid	chr4:120816574:120818353:-	beige	0.14921554812098	0.00658651544935321	PRDM5	clu_36849_-	gencode	-0.1	-0.1	-0.1	ENST00000512845	NA	sig_beige
not_in_trifid	chr4:150491035:150510521:-	white	-0.160487577310395	3.14489103374872e-22	ENSG00000198589.6	clu_36935_-	fantom_cat	-0.1	-0.1	-0.1	HBMT00001091654,HBMT00001091650,ENCT00000337557	NA	sig_white
not_in_trifid	chr4:150491035:150510537:-	white	-0.128326021040819	3.14489103374872e-22	NA	clu_36935_-	cryptic	-0.1	-0.1	-0.1	Unknown	NA	sig_white
not_in_trifid	chr4:150491035:150588048:-	beige	0.288813598351213	3.14489103374872e-22	LRBA	clu_36935_-	gencode	-0.1	-0.1	-0.1	ENST00000513021	NA	sig_beige
not_in_trifid	chr4:150906405:150907060:-	beige	0.264572364956075	1.22900464310824e-10	NA	clu_36940_-	cryptic	-0.1	-0.1	-0.1	Unknown	NA	sig_beige
not_in_trifid	chr4:15546854:15550824:+	beige	0.124419785307673	0.00154802654859796	NA	clu_39572_+	cryptic	-0.1	-0.1	-0.1	Unknown	NA	sig_beige
not_in_trifid	chr4:38053225:38054199:+	beige	0.0466330408460281	1.26842894080713e-13	TBC1D1	clu_39642_+	gencode	-0.1	-0.1	-0.1	ENST00000469803	NA	beige
not_in_trifid	chr4:53507469:53507606:-	white	-0.177837740977988	7.94177148076972e-05	ENSG00000072201.9	clu_36568_-	fantom_cat	-0.1	-0.1	-0.1	FTMT21300031834	NA	sig_white
not_in_trifid	chr4:53507469:53507986:-	beige	0.177837740977988	7.94177148076972e-05	LNX1	clu_36568_-	gencode	-0.1	-0.1	-0.1	ENST00000511398	NA	sig_beige
not_in_trifid	chr4:73177533:73222974:-	beige	0.115342102619816	5.29686198258519e-05	ANKRD17	clu_36618_-	gencode	-0.1	-0.1	-0.1	ENST00000559367	NA	sig_beige
not_in_trifid	chr5:132387151:132388921:+	beige	0.183005330161266	4.25409519930371e-08	SLC22A5	clu_22644_+	gencode	-0.1	-0.1	-0.1	ENST00000461013	NA	sig_beige
not_in_trifid	chr5:132387866:132388921:+	white	-0.183005330161266	4.25409519930371e-08	SLC22A5	clu_22644_+	gencode	-0.1	-0.1	-0.1	ENST00000479605	NA	sig_white
not_in_trifid	chr5:138021197:138032782:-	white	-0.183736555237171	1.45063710569485e-06	FAM13B	clu_6119_-	gencode	-0.1	-0.1	-0.1	ENST00000510804	NA	sig_white
not_in_trifid	chr5:142614161:142697622:-	beige	0.124354012057393	1.03082643578683e-45	FGF1	clu_6192_-	gencode	-0.1	-0.1	-0.1	ENST00000489937,ENST00000494344	NA	sig_beige
not_in_trifid	chr5:14420021:14461019:+	beige	0.160447253077124	4.51274317351576e-09	TRIO	clu_22119_+	gencode	-0.1	-0.1	-0.1	ENST00000515144	NA	sig_beige
not_in_trifid	chr5:14441360:14461019:+	white	-0.151895968662778	4.51274317351576e-09	TRIO	clu_22119_+	gencode	-0.1	-0.1	-0.1	ENST00000515710	NA	sig_white
not_in_trifid	chr5:147424963:147453549:-	beige	0.101355817191844	7.4748812910385e-17	DPYSL3	clu_6212_-	gencode	-0.1	-0.1	-0.1	ENST00000519672	NA	sig_beige
not_in_trifid	chr5:180809076:180809634:-	white	-0.105617229115756	9.11160933132074e-07	MGAT1	clu_6400_-	gencode	-0.1	-0.1	-0.1	ENST00000504385	NA	sig_white
not_in_trifid	chr5:180809076:180810040:-	beige	0.101324977758553	9.11160933132074e-07	MGAT1	clu_6400_-	gencode	-0.1	-0.1	-0.1	ENST00000506033	NA	sig_beige
not_in_trifid	chr5:32100963:32101105:+	beige	0.0583902264910026	8.89143135824249e-06	PDZD2	clu_22147_+	gencode	-0.1	-0.1	-0.1	ENST00000515115,ENST00000513490	NA	beige
not_in_trifid	chr5:65652545:65658368:+	beige	0.111849238036706	2.0725983453178e-14	TRAPPC13	clu_22299_+	gencode	-0.1	-0.1	-0.1	ENST00000512009	NA	sig_beige
not_in_trifid	chr5:7865983:7868979:-	white	-0.122577558937016	6.06154635464101e-07	FASTKD3	clu_5623_-	gencode	-0.1	-0.1	-0.1	ENST00000282110,ENST00000513658	NA	sig_white
not_in_trifid	chr5:96695907:96722639:+	white	-0.165524192506774	6.40935279035677e-08	CAST	clu_22502_+	gencode	-0.1	-0.1	-0.1	ENST00000507487	NA	sig_white
not_in_trifid	chr6:106539529:106541586:+	white	-0.322900806327303	6.53890111693097e-20	CRYBG1	clu_23678_+	gencode	-0.1	-0.1	-0.1	ENST00000369066	NA	sig_white
not_in_trifid	chr6:111580389:111591258:-	beige	0.209013556968095	1.4558348411468e-37	TRAF3IP2	clu_33213_-	gencode	-0.1	-0.1	-0.1	ENST00000528599,ENST00000532708	NA	sig_beige
not_in_trifid	chr6:111592094:111605776:-	white	-0.148078605485389	1.4558348411468e-37	TRAF3IP2	clu_33213_-	gencode	-0.1	-0.1	-0.1	ENST00000528599	NA	sig_white
not_in_trifid	chr6:169430712:169433323:-	beige	0.12184791160686	0.00897505150526562	AL031315.1	clu_33477_-	gencode	-0.1	-0.1	-0.1	ENST00000650382	NA	sig_beige
not_in_trifid	chr6:169457634:169582836:-	white	-0.0743085536816677	0.00897505150526562	WDR27	clu_33477_-	gencode	-0.1	-0.1	-0.1	ENST00000479310	NA	white
not_in_trifid	chr6:33076141:33080672:+	beige	0.110371978195364	0.00479069939017091	HLA-DPB1	clu_23278_+	gencode	-0.1	-0.1	-0.1	ENST00000469120	NA	sig_beige
not_in_trifid	chr6:33080534:33080672:+	white	-0.11294153528535	0.00479069939017091	HLA-DPB1	clu_23278_+	gencode	-0.1	-0.1	-0.1	ENST00000471184,ENST00000488575	NA	sig_white
not_in_trifid	chr6:35027219:35054099:+	beige	0.131760855658049	2.29957217548264e-07	NA	clu_23325_+	cryptic	-0.1	-0.1	-0.1	Unknown	NA	sig_beige
not_in_trifid	chr6:56735289:56843055:-	beige	0.170966811310548	0.000204170136557375	DST	clu_32971_-	gencode	-0.1	-0.1	-0.1	ENST00000521821	NA	sig_beige
not_in_trifid	chr6:56735289:56851397:-	white	-0.170966811310547	0.000204170136557375	DST	clu_32971_-	gencode	-0.1	-0.1	-0.1	ENST00000523967,ENST00000517937,ENST00000650917	NA	sig_white
not_in_trifid	chr6:75908627:75914063:+	white	-0.270414251146917	4.46379034989586e-18	MYO6	clu_23614_+	gencode	-0.1	-0.1	-0.1	ENST00000672162	NA	sig_white
not_in_trifid	chr6:79538843:79673614:+	white	-0.234620169954316	9.7114698913785e-09	SH3BGRL2	clu_23618_+	refseq	-0.1	-0.1	-0.1	NR_171675	NA	sig_white
not_in_trifid	chr7:102376322:102397620:+	white	-0.0589072270898915	8.89151411195498e-16	PRKRIP1	clu_40903_+	gencode	-0.1	-0.1	-0.1	ENST00000482549,ENST00000469763,ENST00000482465,ENST00000477886	NA	white
not_in_trifid	chr7:1044658:1045337:+	white	-0.277971657921197	1.40190675122259e-08	GPR146	clu_40240_+	gencode	-0.1	-0.1	-0.1	ENST00000481403	NA	sig_white
not_in_trifid	chr7:128403754:128405767:-	white	-0.11816627790506	4.00603998467593e-31	IMPDH1	clu_36127_-	gencode	-0.1	-0.1	-0.1	ENST00000491376,ENST00000496487	NA	sig_white
not_in_trifid	chr7:128456023:128457201:+	beige	0.15037893231609	2.75754324820141e-47	HILPDA,AC010655.2	clu_41011_+	gencode	-0.1	-0.1	-0.1	ENST00000493710	NA	sig_beige
not_in_trifid	chr7:134867804:134928754:+	white	-0.163905245692302	0.00510997616527513	CALD1	clu_41068_+	gencode	-0.1	-0.1	-0.1	ENST00000482470	NA	sig_white
not_in_trifid	chr7:143621020:143643864:+	beige	0.110118089280482	0.003227172584564	AC073264.3	clu_41120_+	gencode	-0.1	-0.1	-0.1	ENST00000642873	NA	sig_beige
not_in_trifid	chr7:149278527:149287565:+	white	-0.105374509480038	0.0186633124711795	ZNF783	clu_41143_+	gencode	-0.1	-0.1	-0.1	ENST00000481519,ENST00000489518	NA	sig_white
not_in_trifid	chr7:40815803:40860316:+	white	-0.1808474290951	1.08123767410809e-11	ENSG00000175600.11	clu_40485_+	fantom_cat	-0.1	-0.1	-0.1	ENCT00000399029	NA	sig_white
not_in_trifid	chr7:5394595:5397122:-	beige	0.111326496857342	0.026587002873786	ENSG00000182095.10	clu_35421_-	fantom_cat	-0.1	-0.1	-0.1	MICT00000317912,MICT00000317915,MICT00000317914,ENCT00000408197,MICT00000317913	NA	sig_beige
not_in_trifid	chr7:73596789:73596865:-	white	-0.0891493988923419	6.58091731650461e-05	MLXIPL	clu_35758_-	gencode	-0.1	-0.1	-0.1	ENST00000467221	NA	white
not_in_trifid	chr7:99439596:99444789:+	white	-0.151503391247632	1.42955664382958e-09	CPSF4	clu_40827_+	gencode	-0.1	-0.1	-0.1	ENST00000484112	NA	sig_white
not_in_trifid	chr8:129903350:129939608:-	beige	0.101120206134066	3.55348121981787e-41	FAM49B	clu_9008_-	gencode	-0.1	-0.1	-0.1	ENST00000518344	NA	sig_beige
not_in_trifid	chr8:144103225:144103553:-	white	-0.148697825240084	2.25351936390357e-07	SHARPIN	clu_9130_-	gencode	-0.1	-0.1	-0.1	ENST00000531375	NA	sig_white
not_in_trifid	chr8:144103225:144104025:-	beige	0.122341102220121	2.25351936390357e-07	SHARPIN	clu_9130_-	gencode	-0.1	-0.1	-0.1	ENST00000534242,ENST00000534435	NA	sig_beige
not_in_trifid	chr8:17675252:17676276:-	beige	0.15036783162251	3.49991379562679e-06	MTUS1	clu_8539_-	gencode	-0.1	-0.1	-0.1	ENST00000517413	NA	sig_beige
not_in_trifid	chr8:17675252:17684328:-	white	-0.156142293431275	3.49991379562679e-06	MTUS1	clu_8539_-	gencode	-0.1	-0.1	-0.1	ENST00000518713,ENST00000522149,ENST00000524371,ENST00000521635,ENST00000517818,ENST00000524044	NA	sig_white
not_in_trifid	chr8:23566940:23568322:+	white	-0.0910296314848689	0.00235839582983249	SLC25A37	clu_21499_+	gencode	-0.1	-0.1	-0.1	ENST00000522164	NA	white
not_in_trifid	chr8:61684188:61689673:-	beige	0.226555913872765	0.000846066859315867	ASPH	clu_8741_-	gencode	-0.1	-0.1	-0.1	ENST00000522036	NA	sig_beige
not_in_trifid	chr8:66452105:66454059:+	beige	0.109644711182166	0.0037764918594399	ADHFE1	clu_21708_+	gencode	-0.1	-0.1	-0.1	ENST00000496501	NA	sig_beige
not_in_trifid	chr8:73422702:73458677:-	white	-0.16749068445737	1.37691644109026e-09	STAU2	clu_8774_-	gencode	-0.1	-0.1	-0.1	ENST00000522818	NA	sig_white
not_in_trifid	chr8:98456000:98473268:-	white	-0.168484967932208	3.61389235482179e-13	NA	clu_8865_-	cryptic	-0.1	-0.1	-0.1	Unknown	NA	sig_white
not_in_trifid	chr9:113591397:113594430:+	beige	0.128185090417802	4.30757467088315e-11	RGS3	clu_17337_+	gencode	-0.1	-0.1	-0.1	ENST00000478599,ENST00000487344	NA	sig_beige
not_in_trifid	chr9:127803062:127804285:+	beige	0.126730351549724	7.39506392201226e-07	FPGS	clu_17460_+	gencode	-0.1	-0.1	-0.1	ENST00000460181,ENST00000475765,ENST00000488307	NA	sig_beige
not_in_trifid	chr9:128267274:128267458:-	beige	0.0620370645007166	9.37888409159054e-15	GOLGA2	clu_10181_-	gencode	-0.1	-0.1	-0.1	ENST00000609374	NA	beige
not_in_trifid	chr9:129137692:129142445:+	beige	0.116094249807536	1.60896274210898e-11	PTPA	clu_17541_+	gencode	-0.1	-0.1	-0.1	ENST00000417728	NA	sig_beige
not_in_trifid	chr9:13140149:13140843:-	white	-0.224335503969063	9.36143263721501e-09	MPDZ	clu_9549_-	gencode	-0.1	-0.1	-0.1	ENST00000540202	NA	sig_white
not_in_trifid	chr9:13140149:13150511:-	beige	0.0765939355785324	9.36143263721501e-09	MPDZ	clu_9549_-	gencode	-0.1	-0.1	-0.1	ENST00000539508	NA	beige
not_in_trifid	chr9:96918826:96949555:-	beige	0.0430333537625041	4.76145363303493e-07	MFSD14C	clu_9926_-	gencode	-0.1	-0.1	-0.1	ENST00000637076,ENST00000647176	NA	beige
not_in_trifid	chr9:96944085:96949555:-	white	-0.114091813858474	4.76145363303493e-07	MFSD14C	clu_9926_-	gencode	-0.1	-0.1	-0.1	ENST00000637864,ENST00000375223	NA	sig_white
not_in_trifid	chrX:100593402:100593895:+	beige	0.298573567853816	9.59641194243569e-10	ENSG00000000005.5	clu_15429_+	fantom_cat	-0.1	-0.1	-0.1	HBMT00001537219	NA	sig_beige
not_in_trifid	chrX:110067396:110109080:+	beige	0.109056497466205	9.21479153185464e-05	TMEM164	clu_15504_+	gencode	-0.1	-0.1	-0.1	ENST00000461715	NA	sig_beige
not_in_trifid	chrX:110087950:110109080:+	white	-0.109056497466205	9.21479153185464e-05	ENSG00000157600.7	clu_15504_+	fantom_cat	-0.1	-0.1	-0.1	FTMT29100006756,ENCT00000470698	NA	sig_white
not_in_trifid	chrX:115017302:115017553:-	beige	0.155838727151254	8.94722549232041e-21	IL13RA2	clu_391_-	gencode	-0.1	-0.1	-0.1	ENST00000468224	NA	sig_beige
not_in_trifid	chrX:115019977:115042445:-	white	-0.139141820902246	8.94722549232041e-21	ENSG00000123496.3	clu_391_-	fantom_cat	-0.1	-0.1	-0.1	ENCT00000480481	NA	sig_white
not_in_trifid	chrX:135348837:135349110:+	white	-0.0859472128419112	0.0157091908779417	ENSG00000173275.8	clu_15599_+	fantom_cat	-0.1	-0.1	-0.1	ENCT00000472322	NA	white
not_in_trifid	chrX:136197134:136206407:+	white	-0.38727299375318	6.47407481278028e-56	FHL1	clu_15610_+	gencode	-0.1	-0.1	-0.1	ENST00000477204	NA	sig_white
not_in_trifid	chrX:136204939:136206407:+	beige	0.363208011179429	6.47407481278028e-56	FHL1	clu_15610_+	gencode	-0.1	-0.1	-0.1	ENST00000477080	NA	sig_beige
not_in_trifid	chrX:139728962:139731651:-	beige	0.0829324629959651	1.00003479119527e-11	ATP11C	clu_478_-	gencode	-0.1	-0.1	-0.1	ENST00000460773	NA	beige
not_in_trifid	chrX:149538172:149540695:-	white	-0.108214304143098	0.000453866666586205	LINC00893	clu_491_-	gencode	-0.1	-0.1	-0.1	ENST00000608355,ENST00000609161,ENST00000447209	NA	sig_white
not_in_trifid	chrX:149538906:149540695:-	beige	0.0861189072356766	0.000453866666586205	LINC00893,AC244197.3	clu_491_-	gencode	-0.1	-0.1	-0.1	ENST00000608616,ENST00000609651,ENST00000609314	NA	beige
not_in_trifid	chrX:155299145:155334371:-	white	-0.132626710561953	1.99849122113699e-11	CLIC2	clu_565_-	gencode	-0.1	-0.1	-0.1	ENST00000465553	NA	sig_white
not_in_trifid	chrX:15675778:15688661:+	white	-0.175051194972181	5.44750243891257e-99	CA5BP1	clu_15162_+	gencode	-0.1	-0.1	-0.1	ENST00000380333,ENST00000448692	NA	sig_white
not_in_trifid	chrX:15738352:15749971:+	beige	0.143570721601024	5.44750243891257e-99	CA5B	clu_15162_+	gencode	-0.1	-0.1	-0.1	ENST00000478923	NA	sig_beige
not_in_trifid	chrX:52956755:52957088:-	white	-0.0240905650170133	3.83884530222283e-05	FAM156A	clu_208_-	gencode	-0.1	-0.1	-0.1	ENST00000619897	NA	white
not_in_trifid	chrX:7148083:7190880:+	white	-0.103638575784179	1.4383110343592e-06	STS	clu_15130_+	gencode	-0.1	-0.1	-0.1	ENST00000658154	NA	sig_white
cluster_not_in_trifid	chr10:102449750:102450187:+	white	-0.365075391087288	5.10488959305498e-11	NA	clu_29976_+	cryptic	-0.1	-0.1	-0.1	Unknown	NA	sig_white
cluster_not_in_trifid	chr10:102450022:102450187:+	beige	0.365075391087288	5.10488959305498e-11	RPARP-AS1	clu_29976_+	gencode	-0.1	-0.1	-0.1	ENST00000663480,ENST00000669625,ENST00000492465,ENST00000494270,ENST00000473970	NA	sig_beige
cluster_not_in_trifid	chr10:31308152:31309893:-	white	-0.0787161259549255	0.0212172154116444	ZEB1-AS1	clu_37551_-	gencode	-0.1	-0.1	-0.1	ENST00000424191	NA	white
cluster_not_in_trifid	chr10:31318540:31320283:-	beige	0.12732691358068	0.0212172154116444	ZEB1-AS1	clu_37551_-	gencode	-0.1	-0.1	-0.1	ENST00000606286	NA	sig_beige
cluster_not_in_trifid	chr10:42550615:42551400:-	white	-0.101070116419108	0.0278877074296653	NA	clu_37595_-	cryptic	-0.1	-0.1	-0.1	Unknown	NA	sig_white
cluster_not_in_trifid	chr10:42550615:42551573:-	beige	0.0634813949645763	0.0278877074296653	ZNF37BP	clu_37595_-	gencode	-0.1	-0.1	-0.1	ENST00000452075	NA	beige
cluster_not_in_trifid	chr10:47210992:47223815:+	beige	0.0422026249898844	5.54380833401385e-13	LOC105378291	clu_29597_+	refseq	-0.1	-0.1	-0.1	XR_428742	NA	beige
cluster_not_in_trifid	chr10:47210992:47224736:+	white	-0.102937819337678	5.54380833401385e-13	CATG00000118013.1	clu_29597_+	fantom_cat	-0.1	-0.1	-0.1	MICT00000041466,FTMT23700010324	NA	sig_white
cluster_not_in_trifid	chr11:4180711:4202259:+	beige	0.104910926837252	0.000147507443447757	LINC02749	clu_38294_+	gencode	-0.1	-0.1	-0.1	ENST00000667222	NA	sig_beige
cluster_not_in_trifid	chr11:4180711:4319123:+	white	-0.0431568247881521	0.000147507443447757	NA	clu_38294_+	cryptic	-0.1	-0.1	-0.1	Unknown	NA	white
cluster_not_in_trifid	chr11:86955007:86955814:-	beige	0.184072849253408	1.93406559337023e-07	ENSG00000174804.3	clu_1917_-	fantom_cat	-0.1	-0.1	-0.1	FTMT24100026942	NA	sig_beige
cluster_not_in_trifid	chr11:86955007:86956152:-	white	-0.187354945082414	1.93406559337023e-07	ENSG00000174804.3	clu_1917_-	fantom_cat	-0.1	-0.1	-0.1	HBMT00000255099,FTMT24100024604,ENCT00000081670,HBMT00000255100,HBMT00000255102	NA	sig_white
cluster_not_in_trifid	chr12:46383713:46387747:+	beige	0.0427673604872532	0.0123593867593312	AC008014.1	clu_10722_+	gencode	-0.1	-0.1	-0.1	ENST00000663959,ENST00000551503,ENST00000666942,ENST00000667191	NA	beige
cluster_not_in_trifid	chr12:46387609:46387747:+	white	-0.109085278386473	0.0123593867593312	ENSG00000272369.1,ENSG00000257261.1	clu_10722_+	fantom_cat	-0.1	-0.1	-0.1	FTMT24700034887,HBMT00000304476,FTMT24700045309,FTMT24700045308,HBMT00000304479,HBMT00000304480,HBMT00000304475	NA	sig_white
cluster_not_in_trifid	chr13:23889011:23890000:+	beige	0.117668696299511	0.0374727479989091	PCOTH	clu_8160_+	gencode	-0.1	-0.1	-0.1	ENST00000382133	NA	sig_beige
cluster_not_in_trifid	chr13:23889737:23890000:+	white	-0.0614173830266442	0.0374727479989091	PCOTH	clu_8160_+	refseq	-0.1	-0.1	-0.1	NR_172515,NR_172516	NA	white
cluster_not_in_trifid	chr14:100895039:100898957:+	white	-0.0652395748835919	0.0303123730712074	MEG8	clu_34049_+	gencode	-0.1	-0.1	-0.1	ENST00000553584	NA	white
cluster_not_in_trifid	chr14:100898053:100898957:+	beige	0.125972420885852	0.0303123730712074	MEG8	clu_34049_+	gencode	-0.1	-0.1	-0.1	ENST00000638012,ENST00000668725,ENST00000553465	NA	sig_beige
cluster_not_in_trifid	chr14:95533061:95533693:-	white	-0.104134670827856	0.000119656533870619	SNHG10	clu_16767_-	gencode	-0.1	-0.1	-0.1	ENST00000667668,ENST00000554169,ENST00000667310	NA	sig_white
cluster_not_in_trifid	chr14:95533061:95534593:-	beige	0.119858909072469	0.000119656533870619	SNHG10	clu_16767_-	gencode	-0.1	-0.1	-0.1	ENST00000553559,ENST00000660378	NA	sig_beige
cluster_not_in_trifid	chr15:101973352:101973592:+	beige	0.0708941317400817	0.00300032202456851	WASH3P	clu_30920_+	gencode	-0.1	-0.1	-0.1	ENST00000560956,ENST00000558784,ENST00000354296,ENST00000557932	NA	beige
cluster_not_in_trifid	chr15:101973727:101973905:+	white	-0.100322545358648	0.00300032202456851	WASH3P	clu_30920_+	gencode	-0.1	-0.1	-0.1	ENST00000354296,ENST00000558784,ENST00000560956,ENST00000557932	NA	sig_white
cluster_not_in_trifid	chr15:30545967:30553792:+	white	-0.106016946086521	1.40083747854134e-07	NA	clu_30271_+	cryptic	-0.1	-0.1	-0.1	Unknown	NA	sig_white
cluster_not_in_trifid	chr15:30596738:30600102:+	beige	0.0785318016472077	1.40083747854134e-07	ULK4P2	clu_30271_+	gencode	-0.1	-0.1	-0.1	ENST00000569682,ENST00000561753	NA	beige
cluster_not_in_trifid	chr15:50355545:50370332:+	beige	0.121454750375573	0.00584898900750954	GABPB1-AS1	clu_30458_+	gencode	-0.1	-0.1	-0.1	ENST00000668321	NA	sig_beige
cluster_not_in_trifid	chr15:50355765:50356100:+	white	-0.122294699350989	0.00584898900750954	GABPB1-AS1	clu_30458_+	gencode	-0.1	-0.1	-0.1	ENST00000648591,ENST00000560359,ENST00000659570	NA	sig_white
cluster_not_in_trifid	chr15:85749125:85750242:-	white	-0.170262770797198	3.43328381924396e-06	AC021739.2	clu_2861_-	gencode	-0.1	-0.1	-0.1	ENST00000558375	NA	sig_white
cluster_not_in_trifid	chr15:85750339:85755822:-	beige	0.0436858637866119	3.43328381924396e-06	NA	clu_2861_-	cryptic	-0.1	-0.1	-0.1	Unknown	NA	beige
cluster_not_in_trifid	chr16:8849993:8855034:+	beige	0.216723842967787	0.00100786212620983	NA	clu_4787_+	cryptic	-0.1	-0.1	-0.1	Unknown	NA	sig_beige
cluster_not_in_trifid	chr16:8851050:8855034:+	white	-0.402745913439456	0.00100786212620983	AC022167.2	clu_4787_+	gencode	-0.1	-0.1	-0.1	ENST00000565934	NA	sig_white
cluster_not_in_trifid	chr17:47483090:47490166:-	white	-0.175644605021189	3.84353973855446e-05	MRPL45P2	clu_20069_-	gencode	-0.1	-0.1	-0.1	ENST00000572695,ENST00000425159,ENST00000573318	NA	sig_white
cluster_not_in_trifid	chr17:47488955:47490166:-	beige	0.191762255124303	3.84353973855446e-05	ENSG00000228782.3	clu_20069_-	fantom_cat	-0.1	-0.1	-0.1	ENCT00000184790	NA	sig_beige
cluster_not_in_trifid	chr17:47918571:47938571:-	beige	0.154389851273114	3.02733548670828e-29	NA	clu_20079_-	cryptic	-0.1	-0.1	-0.1	Unknown	NA	sig_beige
cluster_not_in_trifid	chr17:47918571:47941336:-	white	-0.154926441817431	3.02733548670828e-29	SP2-AS1	clu_20079_-	gencode	-0.1	-0.1	-0.1	ENST00000411573,ENST00000585280,ENST00000451140	NA	sig_white
cluster_not_in_trifid	chr19:56397988:56398277:+	beige	0.0936871377550277	0.0188706815560897	ENSG00000198440.5,ENSG00000267454.1	clu_27224_+	fantom_cat	-0.1	-0.1	-0.1	MICT00000181754,FTMT27500036578,HBMT00000721151,ENCT00000208744	NA	beige
cluster_not_in_trifid	chr19:56398048:56398277:+	white	-0.109263153000983	0.0188706815560897	ZNF582-AS1,ZNF583	clu_27224_+	gencode	-0.1	-0.1	-0.1	ENST00000589888,ENST00000587979,ENST00000588635	NA	sig_white
cluster_not_in_trifid	chr1:144720690:144757916:+	beige	0.0892358429660903	0.0194004596697921	NA	clu_14173_+	cryptic	-0.1	-0.1	-0.1	Unknown	NA	beige
cluster_not_in_trifid	chr1:144721138:144757916:+	white	-0.102807009296161	0.0194004596697921	NA	clu_14173_+	cryptic	-0.1	-0.1	-0.1	Unknown	NA	sig_white
cluster_not_in_trifid	chr1:209661567:209662911:-	beige	0.131325472947909	1.28094775294536e-50	HSD11B1-AS1	clu_29110_-	gencode	-0.1	-0.1	-0.1	ENST00000445272,ENST00000441672	NA	sig_beige
cluster_not_in_trifid	chr1:209724144:209742497:-	white	-0.0670199312591032	1.28094775294536e-50	ENSG00000227591.1	clu_29110_-	fantom_cat	-0.1	-0.1	-0.1	ENCT00000037288	NA	white
cluster_not_in_trifid	chr1:219086660:219092177:-	white	-0.23589249308442	1.35197970319345e-10	ENSG00000228063.1	clu_29140_-	fantom_cat	-0.1	-0.1	-0.1	FTMT20100077250,ENCT00000037897,ENCT00000037923,ENCT00000037918,ENCT00000037930	NA	sig_white
cluster_not_in_trifid	chr1:219150031:219156120:-	beige	0.120353428703896	1.35197970319345e-10	LYPLAL1-DT	clu_29140_-	gencode	-0.1	-0.1	-0.1	ENST00000661230,ENST00000668290,ENST00000670257,ENST00000663684,ENST00000655283,ENST00000669535,ENST00000657470,ENST00000441331	NA	sig_beige
cluster_not_in_trifid	chr1:243059668:243060419:-	white	-0.11053373282106	0.0399130194535125	LINC01347	clu_29312_-	gencode	-0.1	-0.1	-0.1	ENST00000627498	NA	sig_white
cluster_not_in_trifid	chr1:243069704:243078988:-	beige	0.0805412503410231	0.0399130194535125	LINC01347	clu_29312_-	gencode	-0.1	-0.1	-0.1	ENST00000627498	NA	beige
cluster_not_in_trifid	chr1:3737854:3740233:-	white	-0.067801053232704	0.000228144337063964	TP73-AS1	clu_27418_-	gencode	-0.1	-0.1	-0.1	ENST00000648479,ENST00000418088,ENST00000649468,ENST00000650039,ENST00000647831	NA	white
cluster_not_in_trifid	chr1:3738513:3740233:-	beige	0.106005237301484	0.000228144337063964	TP73-AS1	clu_27418_-	gencode	-0.1	-0.1	-0.1	ENST00000423764,ENST00000648270,ENST00000608600,ENST00000648526,ENST00000587071,ENST00000636630,ENST00000648600,ENST00000650037	NA	sig_beige
cluster_not_in_trifid	chr20:1373178:1374484:+	beige	0.075832434150671	0.0271004295260434	SDCBP2-AS1	clu_6425_+	gencode	-0.1	-0.1	-0.1	ENST00000446423	NA	beige
cluster_not_in_trifid	chr20:1374698:1376798:+	white	-0.111692857082627	0.0271004295260434	SDCBP2-AS1	clu_6425_+	gencode	-0.1	-0.1	-0.1	ENST00000446423	NA	sig_white
cluster_not_in_trifid	chr20:30398045:30399222:+	white	-0.204013426089502	0.0298048509243847	FRG1BP	clu_6570_+	gencode	-0.1	-0.1	-0.1	ENST00000278882	NA	sig_white
cluster_not_in_trifid	chr20:30398045:30400719:+	beige	0.14763121745707	0.0298048509243847	NA	clu_6570_+	cryptic	-0.1	-0.1	-0.1	Unknown	NA	sig_beige
cluster_not_in_trifid	chr20:44695507:44696003:-	white	-0.358176997595332	1.67501162397334e-09	AL139352.1,KCNK15-AS1	clu_20900_-	gencode	-0.1	-0.1	-0.1	ENST00000415889,ENST00000419931	NA	sig_white
cluster_not_in_trifid	chr20:44716793:44738820:-	beige	0.270050562194732	1.67501162397334e-09	KCNK15-AS1	clu_20900_-	gencode	-0.1	-0.1	-0.1	ENST00000427598	NA	sig_beige
cluster_not_in_trifid	chr21:16231115:16391614:+	white	-0.0983679277790402	1.09768882575245e-06	MIR99AHG	clu_9271_+	gencode	-0.1	-0.1	-0.1	ENST00000667199,ENST00000661771,ENST00000657408,ENST00000400178,ENST00000668571,ENST00000663968,ENST00000413645,ENST00000654360,ENST00000668889,ENST00000655848,ENST00000667485,ENST00000656619,ENST00000661987,ENST00000428669,ENST00000656817,ENST00000655866,ENST00000664579,ENST00000667869,ENST00000456342,ENST00000661403,ENST00000666794,ENST00000663776,ENST00000669276,ENST00000657710,ENST00000653624,ENST00000670888,ENST00000658514,ENST00000652811,ENST00000602580,ENST00000667703,ENST00000670045,ENST00000656642,ENST00000670538,ENST00000419952,ENST00000660908,ENST00000670980,ENST00000602935,ENST00000635845,ENST00000658644,ENST00000666517,ENST00000661418,ENST00000658708,ENST00000660532,ENST00000667152,ENST00000665243,ENST00000666701,ENST00000667533,ENST00000653129	NA	white
cluster_not_in_trifid	chr21:16419741:16487490:+	beige	0.184039411624902	1.09768882575245e-06	MIR99AHG	clu_9271_+	gencode	-0.1	-0.1	-0.1	ENST00000664445,ENST00000663516,ENST00000659192,ENST00000671218,ENST00000418813,ENST00000667374,ENST00000664030,ENST00000652938,ENST00000602892,ENST00000659105,ENST00000660287,ENST00000662279,ENST00000656031,ENST00000658826,ENST00000658389,ENST00000664485,ENST00000667011,ENST00000453910,ENST00000657977,ENST00000435697,ENST00000669307,ENST00000663412,ENST00000660213,ENST00000664910,ENST00000667313,ENST00000665230,ENST00000665189	NA	sig_beige
cluster_not_in_trifid	chr21:8392806:8988314:-	white	-0.0641234444652467	0.0228892192922668	NA	clu_37108_-	cryptic	-0.1	-0.1	-0.1	Unknown	NA	white
cluster_not_in_trifid	chr21:8437016:8437169:-	beige	0.102474847206985	0.0228892192922668	NA	clu_37108_-	cryptic	-0.1	-0.1	-0.1	Unknown	NA	sig_beige
cluster_not_in_trifid	chr2:108512012:108533829:-	white	-0.112933551459765	0.000823439168463847	GCC2-AS1	clu_12280_-	gencode	-0.1	-0.1	-0.1	ENST00000322353	NA	sig_white
cluster_not_in_trifid	chr2:108512012:108533933:-	beige	0.128062072959381	0.000823439168463847	GCC2-AS1	clu_12280_-	gencode	-0.1	-0.1	-0.1	ENST00000440975	NA	sig_beige
cluster_not_in_trifid	chr2:131751585:131766619:+	beige	0.108738591344461	0.0112265400543018	C2orf27A	clu_31747_+	gencode	-0.1	-0.1	-0.1	ENST00000624391,ENST00000657415	NA	sig_beige
cluster_not_in_trifid	chr2:131758537:131766619:+	white	-0.103094614742978	0.0112265400543018	AC093724.3	clu_31747_+	gencode	-0.1	-0.1	-0.1	ENST00000481510	NA	sig_white
cluster_not_in_trifid	chr2:172495516:172512334:-	white	-0.114603453193947	8.39417862933327e-08	AC078883.1	clu_12584_-	gencode	-0.1	-0.1	-0.1	ENST00000442417	NA	sig_white
cluster_not_in_trifid	chr2:172504142:172512334:-	beige	0.118866756297271	8.39417862933327e-08	AC078883.1	clu_12584_-	gencode	-0.1	-0.1	-0.1	ENST00000450443	NA	sig_beige
cluster_not_in_trifid	chr2:222688522:222693485:+	beige	0.0622214495257717	0.00132156562847902	ENSG00000124003.9	clu_32273_+	fantom_cat	-0.1	-0.1	-0.1	MICT00000208561	NA	beige
cluster_not_in_trifid	chr2:222688522:222694362:+	white	-0.118449324165918	0.00132156562847902	ENSG00000124003.9	clu_32273_+	fantom_cat	-0.1	-0.1	-0.1	FTMT20700027657,MICT00000208562,MICT00000208559	NA	sig_white
cluster_not_in_trifid	chr2:8673307:8675744:-	white	-0.0786503151347172	0.0206904277656801	ID2-AS1	clu_11559_-	gencode	-0.1	-0.1	-0.1	ENST00000453900,ENST00000412712,ENST00000665989,ENST00000669696	NA	white
cluster_not_in_trifid	chr2:8680587:8681827:-	beige	0.147084395002099	0.0206904277656801	ID2-AS1	clu_11559_-	refseq	-0.1	-0.1	-0.1	NR_110153	NA	sig_beige
cluster_not_in_trifid	chr2:95789728:95792160:+	white	-0.1195887964021	0.00915010869042826	GPAT2P1	clu_31499_+	gencode	-0.1	-0.1	-0.1	ENST00000471661	NA	sig_white
cluster_not_in_trifid	chr2:95789764:95792160:+	beige	0.1195887964021	0.00915010869042826	LOC128966744	clu_31499_+	refseq	-0.1	-0.1	-0.1	NM_001422179,NM_001422178	NA	sig_beige
cluster_not_in_trifid	chr2:96015325:96019201:+	white	-0.122024528119851	0.0406844413618864	FAHD2CP	clu_31501_+	gencode	-0.1	-0.1	-0.1	ENST00000427863,ENST00000607780	NA	sig_white
cluster_not_in_trifid	chr2:96019700:96021125:+	beige	0.0692240176156285	0.0406844413618864	FAHD2CP	clu_31501_+	gencode	-0.1	-0.1	-0.1	ENST00000427863,ENST00000607780	NA	beige
cluster_not_in_trifid	chr3:126266858:126288013:+	white	-0.116595881590922	1.10698477399023e-12	AC016924.1	clu_18819_+	gencode	-0.1	-0.1	-0.1	ENST00000512435,ENST00000511512	NA	sig_white
cluster_not_in_trifid	chr3:126289853:126290953:+	beige	0.396822419280208	1.10698477399023e-12	AC016924.1	clu_18819_+	gencode	-0.1	-0.1	-0.1	ENST00000654226	NA	sig_beige
cluster_not_in_trifid	chr3:156751183:156751422:-	white	-0.192275468945608	0.000281546068227796	LINC00886	clu_4317_-	gencode	-0.1	-0.1	-0.1	ENST00000488584,ENST00000654528	NA	sig_white
cluster_not_in_trifid	chr3:156751183:156816887:-	beige	0.192275468945608	0.000281546068227796	LINC00886	clu_4317_-	gencode	-0.1	-0.1	-0.1	ENST00000664482,ENST00000472943	NA	sig_beige
cluster_not_in_trifid	chr4:99157579:99159421:+	white	-0.0706097781483033	9.86049774099141e-20	ENSG00000246090.2	clu_39887_+	fantom_cat	-0.1	-0.1	-0.1	FTMT21500004715,FTMT21500011761,FTMT21500020522,MICT00000268581,FTMT21500008011,MICT00000268586,FTMT21500006712,FTMT21500009135,ENCT00000321988,FTMT21500011762,MICT00000268590	NA	white
cluster_not_in_trifid	chr4:99204269:99204357:+	beige	0.121853769716053	9.86049774099141e-20	NA	clu_39887_+	cryptic	-0.1	-0.1	-0.1	Unknown	NA	sig_beige
cluster_not_in_trifid	chr5:159100838:159106867:+	beige	0.105438986426508	6.15931874435168e-07	LINC02202	clu_22856_+	gencode	-0.1	-0.1	-0.1	ENST00000523301	NA	sig_beige
cluster_not_in_trifid	chr5:159100838:159111876:+	white	-0.0489178547775543	6.15931874435168e-07	LINC02202	clu_22856_+	gencode	-0.1	-0.1	-0.1	ENST00000517335	NA	white
cluster_not_in_trifid	chr5:180831229:180834312:+	beige	0.0934067065288899	9.57026365936382e-15	LINC00847	clu_22977_+	gencode	-0.1	-0.1	-0.1	ENST00000508309,ENST00000653411	NA	beige
cluster_not_in_trifid	chr5:180831806:180834312:+	white	-0.168437851997472	9.57026365936382e-15	LINC00847	clu_22977_+	gencode	-0.1	-0.1	-0.1	ENST00000662722,ENST00000501937,ENST00000665473,ENST00000659553,ENST00000509921	NA	sig_white
cluster_not_in_trifid	chr5:43015150:43043056:-	beige	0.0739114839434572	0.0273793030180847	NA	clu_5751_-	cryptic	-0.1	-0.1	-0.1	Unknown	NA	beige
cluster_not_in_trifid	chr5:43015150:43067087:-	white	-0.108862457685181	0.0273793030180847	AC025171.1	clu_5751_-	gencode	-0.1	-0.1	-0.1	ENST00000503152,ENST00000665537	NA	sig_white
cluster_not_in_trifid	chr6:30296237:30326151:-	beige	0.123161458506383	7.18124225128155e-19	HCG18	clu_32650_-	gencode	-0.1	-0.1	-0.1	ENST00000454269,ENST00000654915,ENST00000668974,ENST00000602550,ENST00000449544	NA	sig_beige
cluster_not_in_trifid	chr6:30296237:30326354:-	white	-0.103574509698929	7.18124225128155e-19	HCG18	clu_32650_-	gencode	-0.1	-0.1	-0.1	ENST00000412685,ENST00000659132,ENST00000653301,ENST00000665953,ENST00000666294,ENST00000426882,ENST00000659836	NA	sig_white
cluster_not_in_trifid	chr7:107743403:107743933:-	beige	0.11148288798536	3.5760132953882e-05	AC002467.1	clu_36052_-	gencode	-0.1	-0.1	-0.1	ENST00000653575,ENST00000609979	NA	sig_beige
cluster_not_in_trifid	chr7:107743403:107744373:-	white	-0.059767741384636	3.5760132953882e-05	AC002467.1	clu_36052_-	gencode	-0.1	-0.1	-0.1	ENST00000440971	NA	white
cluster_not_in_trifid	chr7:155243716:155252293:-	beige	0.115740663805631	5.80625711566732e-22	LOC105375587	clu_36318_-	refseq	-0.1	-0.1	-0.1	XR_001745438	NA	sig_beige
cluster_not_in_trifid	chr7:155248869:155252293:-	white	-0.0555831110493428	5.80625711566732e-22	LOC105375587	clu_36318_-	refseq	-0.1	-0.1	-0.1	XR_007060608	NA	white
cluster_not_in_trifid	chr7:39782799:39789354:+	beige	0.134369991220142	0.0319961552226993	ENSG00000188185.7	clu_40474_+	fantom_cat	-0.1	-0.1	-0.1	FTMT22700008163,ENCT00000398966,FTMT22700007049	NA	sig_beige
cluster_not_in_trifid	chr7:39788604:39789354:+	white	-0.0961415933409017	0.0319961552226993	LINC00265	clu_40474_+	gencode	-0.1	-0.1	-0.1	ENST00000666283,ENST00000448955,ENST00000340510	NA	white
cluster_not_in_trifid	chr7:66530137:66531791:-	white	-0.116221946670416	0.00117258709552802	ENSG00000229180.4	clu_35714_-	fantom_cat	-0.1	-0.1	-0.1	FTMT22500009012,ENCT00000412368	NA	sig_white
cluster_not_in_trifid	chr7:66531399:66531791:-	beige	0.116221946670416	0.00117258709552802	AC006001.3	clu_35714_-	gencode	-0.1	-0.1	-0.1	ENST00000639011	NA	sig_beige
cluster_not_in_trifid	chr7:94391533:94392118:-	white	-0.132943224031331	0.00378886522673042	AC002074.1	clu_35879_-	gencode	-0.1	-0.1	-0.1	ENST00000642601	NA	sig_white
cluster_not_in_trifid	chr7:94391533:94395540:-	beige	0.106950827373718	0.00378886522673042	AC002074.1	clu_35879_-	gencode	-0.1	-0.1	-0.1	ENST00000644739	NA	sig_beige
cluster_not_in_trifid	chr8:7293388:7324297:-	white	-0.0575532236170441	0.00010030990108371	NA	clu_8502_-	cryptic	-0.1	-0.1	-0.1	Unknown	NA	white
cluster_not_in_trifid	chr8:7323833:7324297:-	beige	0.146269335446164	0.00010030990108371	FAM66B	clu_8502_-	gencode	-0.1	-0.1	-0.1	ENST00000656213,ENST00000663272,ENST00000665607,ENST00000529456	NA	sig_beige
cluster_not_in_trifid	chr9:22646296:22674443:+	white	-0.301486245590108	1.52776969733763e-08	LINC01239	clu_16944_+	gencode	-0.1	-0.1	-0.1	ENST00000436786	NA	sig_white
cluster_not_in_trifid	chr9:22658602:22674443:+	beige	0.176330435512357	1.52776969733763e-08	NA	clu_16944_+	cryptic	-0.1	-0.1	-0.1	Unknown	NA	sig_beige
cluster_not_in_trifid	chr9:41011730:41013781:+	white	-0.0946578687264625	0.000336676884294686	FRG1HP	clu_17052_+	refseq	-0.1	-0.1	-0.1	NR_034006	NA	white
cluster_not_in_trifid	chr9:41011730:41032834:+	beige	0.110817685803206	0.000336676884294686	FRG1HP	clu_17052_+	gencode	-0.1	-0.1	-0.1	ENST00000611606	NA	sig_beige
cluster_not_in_trifid	chr9:64643255:65194706:+	beige	0.12629436113199	4.40071181551098e-16	NA	clu_17070_+	cryptic	-0.1	-0.1	-0.1	Unknown	NA	sig_beige
cluster_not_in_trifid	chr9:65196570:65198301:+	white	-0.215181617946475	4.40071181551098e-16	CATG00000105473.1	clu_17070_+	fantom_cat	-0.1	-0.1	-0.1	FTMT23500047208	NA	sig_white
